 1.000000000000 -0.000275949667
 0.997664330998  0.004768765094
 0.993993993994  0.009200640415
 0.990490490490  0.013292216274
 0.985685685686  0.017392535313
 0.980880880881  0.020792912836
 0.976076076076  0.023792895730
 0.970470470470  0.026928226906
 0.964864864865  0.029884405511
 0.956756756757  0.033637775886
 0.945445445445  0.038710420495
 0.934134134134  0.043727967701
 0.920420420420  0.049829695019
 0.905205205205  0.056663325117
 0.891691691692  0.062895834630
 0.878178178178  0.069375100904
 0.864664664665  0.075911943957
 0.850350350350  0.083258540002
 0.835335335335  0.091377767701
 0.820320320320  0.099817562183
 0.808508508509  0.106687059339
 0.796696696697  0.113545493461
 0.788088088088  0.118494595380
 0.781681681682  0.121930617766
 0.773673673674  0.125493539909
 0.765665665666  0.128908314374
 0.754454454454  0.133227203939
 0.744044044044  0.137022411395
 0.733633633634  0.140692207347
 0.724024024024  0.143628007068
 0.711211211211  0.147241567596
 0.701601601602  0.149724669141
 0.690390390390  0.152493984692
 0.676776776777  0.155706695862
 0.665565565566  0.158223942754
 0.655155155155  0.160412057111
 0.643943943944  0.162721447535
 0.632732732733  0.164927445927
 0.619919919920  0.167220733543
 0.607107107107  0.169462975135
 0.595895895896  0.171280603122
 0.580680680681  0.173431047209
 0.566266266266  0.175302817220
 0.555855855856  0.176477039997
 0.542242242242  0.177833065645
 0.529429429429  0.179027678420
 0.517417417417  0.179846150915
 0.506206206206  0.180551781067
 0.490990990991  0.181346243738
 0.478178178178  0.181871377983
 0.463763763764  0.182351745167
 0.450150150150  0.182535293778
 0.436536536537  0.182670485072
 0.426126126126  0.182606891586
 0.414114114114  0.182391789589
 0.400500500501  0.181945437364
 0.388488488488  0.181336859837
 0.373273273273  0.180304340897
 0.357257257257  0.178992903718
 0.343643643644  0.177679970071
 0.329929929930  0.175841806410
 0.317417417417  0.173972960124
 0.305505505506  0.171909300210
 0.295195195195  0.170027284449
 0.280880880881  0.167444292769
 0.269869869870  0.165468535717
 0.259259259259  0.163576383261
 0.248848848849  0.161713990937
 0.238438438438  0.159834551035
 0.229129129129  0.157997964561
 0.219819819820  0.156121116024
 0.208108108108  0.153613179563
 0.197997997998  0.151284842850
 0.185485485485  0.148150324769
 0.175875875876  0.145535006536
 0.165465465465  0.142535380130
 0.154254254254  0.138694096246
 0.140640640641  0.133401063066
 0.126226226226  0.126969435521
 0.108608608609  0.118383607482
 0.091791791792  0.109820372721
 0.078178178178  0.102308564389
 0.067767767768  0.096074760331
 0.060560560561  0.091311683196
 0.056556556557  0.088300002670
 0.052552552553  0.085129665176
 0.048548548549  0.081789849501
 0.044544544545  0.078273555938
 0.040540540541  0.074561258109
 0.036536536537  0.070625057377
 0.032532532533  0.066416972590
 0.028528528529  0.061887949212
 0.024524524525  0.056997672838
 0.020520520521  0.051659015645
 0.016516516517  0.045754751349
 0.012912912913  0.039979369385
 0.009709709710  0.034286891614
 0.006906906907  0.028544809529
 0.004504504505  0.022516875620
 0.002702702703  0.016297283677
 0.001201201201  0.009625919932
 0.000300300300  0.001898142357
 0.000000000000 -0.005635044029
 0.000500500501 -0.012909040644
 0.001601601602 -0.019450045680
 0.003203203203 -0.025383143949
 0.005405405405 -0.030256461462
 0.008308308308 -0.035064481595
 0.011611611612 -0.039258671001
 0.015315315315 -0.043136992333
 0.019419419419 -0.046861241842
 0.023523523524 -0.050096829592
 0.027527527528 -0.052824365527
 0.031531531532 -0.055219910731
 0.035535535536 -0.057337989008
 0.039539539540 -0.059218054633
 0.043543543544 -0.060888666778
 0.047547547548 -0.062393040988
 0.051551551552 -0.063776669472
 0.059559559560 -0.066134324212
 0.067567567568 -0.068384397618
 0.077977977978 -0.071013059348
 0.090790790791 -0.073907486900
 0.103603603604 -0.076675301448
 0.114814814815 -0.078500653500
 0.126826826827 -0.080257254401
 0.138038038038 -0.081456079550
 0.148448448448 -0.082140329505
 0.158858858859 -0.082690547688
 0.170070070070 -0.082658573020
 0.180480480480 -0.082436458893
 0.190090090090 -0.081956644064
 0.200700700701 -0.081074487004
 0.211311311311 -0.080110976793
 0.222522522523 -0.078649162440
 0.234534534535 -0.076996204566
 0.245745745746 -0.075367822996
 0.256756756757 -0.073553421405
 0.270170170170 -0.071239880136
 0.279779779780 -0.069491014072
 0.292392392392 -0.066996793279
 0.305005005005 -0.064460003875
 0.316816816817 -0.061942708328
 0.328628628629 -0.059245869485
 0.341141141141 -0.056336215124
 0.353053053053 -0.053434160013
 0.364964964965 -0.050514767708
 0.375575575576 -0.047883788889
 0.386186186186 -0.045256243232
 0.396596596597 -0.042693713571
 0.406606606607 -0.040295583509
 0.416816816817 -0.037874045165
 0.429929929930 -0.034867192515
 0.440640640641 -0.032475473358
 0.453253253253 -0.029749807466
 0.463063063063 -0.027701198949
 0.475875875876 -0.025141329658
 0.485485485485 -0.023300288563
 0.496496496496 -0.021223983999
 0.509009009009 -0.018947435250
 0.521521521522 -0.016685136073
 0.532932932933 -0.014627584145
 0.546746746747 -0.012150191371
 0.559159159159 -0.009936194976
 0.569269269269 -0.008165153718
 0.582582582583 -0.005907399511
 0.594594594595 -0.003935071542
 0.608208208208 -0.001834113708
 0.624224224224  0.000550506847
 0.641841841842  0.003039251587
 0.658158158158  0.005239207268
 0.673673673674  0.007300401981
 0.689089089089  0.009324287733
 0.702102102102  0.011039590220
 0.712112112112  0.012391569858
 0.723023023023  0.013903153502
 0.733933933934  0.015419803788
 0.743443443443  0.016742460565
 0.756156156156  0.018585304163
 0.768668668669  0.020445177600
 0.779579579580  0.022252407100
 0.792792792793  0.024575526442
 0.808308308308  0.026504366900
 0.820620620621  0.027715997683
 0.836136136136  0.028092446078
 0.850450450450  0.027844991101
 0.865665665666  0.025898739975
 0.876076076076  0.023636471652
 0.888088088088  0.020653667202
 0.898498498498  0.017452911017
 0.912112112112  0.012690108639
 0.926626626627  0.006582756225
 0.941941941942 -0.000058632826
 0.955655655656 -0.006252382304
 0.967767767768 -0.011883755406
 0.976676676677 -0.016074139243
 0.981481481481 -0.018097378238
 0.985485485485 -0.019498375281
 0.989289289289 -0.020463828505
 0.992992992993 -0.020710293872
 0.996663329997 -0.020924680065
 1.000000000000 -0.019509884156
