 1.000000000000  0.000000000000
 0.989461005721  0.004840420575
 0.979223125565  0.009680327241
 0.970791930142  0.013614780693
 0.963264077085  0.017138719761
 0.957844022885  0.019628380843
 0.953829167921  0.021391895954
 0.949814312958  0.023105057580
 0.945799457995  0.024769762131
 0.941784603031  0.026384442667
 0.937769748068  0.027949345424
 0.933754893104  0.029467338005
 0.929740038141  0.030943891800
 0.925725183178  0.032384141481
 0.921710328214  0.033790564049
 0.916892502258  0.035423752776
 0.909665763324  0.037769924234
 0.899227140420  0.041016244728
 0.884773662551  0.045319181578
 0.867108300713  0.050400256106
 0.847034025896  0.055953011556
 0.825353809094  0.061636840276
 0.806885476262  0.066321461377
 0.788417143431  0.070727056655
 0.769948810599  0.074915269436
 0.754692361738  0.078271375634
 0.741041854863  0.081121370325
 0.726588376995  0.084091481085
 0.716149754090  0.086156970342
 0.705711131185  0.088107173967
 0.695272508281  0.090033861779
 0.684030914383  0.091993530100
 0.673592291478  0.093776657996
 0.659138813610  0.096122046179
 0.647897219713  0.097863746428
 0.633443741845  0.099986949774
 0.622202147947  0.101548951768
 0.607748670079  0.103439658845
 0.597310047175  0.104703794524
 0.583659540299  0.106242405331
 0.573220917394  0.107332060420
 0.560373381512  0.108578657854
 0.549934758607  0.109483991111
 0.539496135702  0.110357694059
 0.529057512797  0.111075894876
 0.518618889893  0.111762710205
 0.507377295995  0.112356115057
 0.496938673090  0.112861281054
 0.482987052093  0.113415400226
 0.472247315066  0.113750254915
 0.461507578039  0.114052052479
 0.449161899026  0.114203803775
 0.436816220014  0.114323103634
 0.427983539095  0.114329983878
 0.416541202449  0.114260346775
 0.405098865803  0.114164227319
 0.395262471143  0.113916961050
 0.385426076483  0.113643389914
 0.372377797852  0.113175722763
 0.361939174947  0.112726392393
 0.348288668072  0.112017932422
 0.337850045167  0.111387607763
 0.326608451270  0.110657540684
 0.316169828365  0.109836800233
 0.305731205460  0.108983967972
 0.296095553548  0.108062822914
 0.286459901636  0.107110054684
 0.276021278731  0.105987018672
 0.263976713841  0.104478683531
 0.250326206966  0.102669336678
 0.239084613068  0.101074169118
 0.224631135200  0.098845261169
 0.207768744354  0.095925120087
 0.194921208471  0.093505137988
 0.183679614574  0.091280257772
 0.172438020677  0.088999075596
 0.161999397772  0.086640458162
 0.155575629830  0.085064812944
 0.149151861889  0.083452861051
 0.142728093948  0.081803745213
 0.136304326006  0.080115785673
 0.132289471043  0.078996441127
 0.128274616079  0.077844898251
 0.124259761116  0.076659182344
 0.120244906153  0.075438273927
 0.116230051189  0.074182108742
 0.112215196226  0.072891738158
 0.108200341263  0.071568260009
 0.104185486299  0.070211648023
 0.100170631336  0.068820862790
 0.096155776373  0.067393851760
 0.092140921409  0.065927582680
 0.088126066446  0.064418645728
 0.084111211482  0.062863779680
 0.080096356519  0.061260227382
 0.076081501556  0.059605742531
 0.072066646592  0.057898589705
 0.068051791629  0.056137273880
 0.064036936666  0.054319526852
 0.060022081702  0.052442097249
 0.056007226739  0.050500752298
 0.051992371776  0.048490318490
 0.047977516812  0.046404904685
 0.043962661849  0.044237143890
 0.039947806885  0.041977645728
 0.035932951922  0.039614120209
 0.031918096959  0.037128687194
 0.027903241995  0.034503219607
 0.023888387032  0.031718352916
 0.019873532069  0.028745931089
 0.015858677105  0.025556986011
 0.011843822142  0.022093834165
 0.007828967179  0.018238761195
 0.004215597712  0.014410897498
 0.001304827863  0.009227664927
 0.000000000000  0.004014087471
 0.000301114122 -0.000778821498
 0.002208170230 -0.004840784547
 0.005319682826 -0.008455165387
 0.009334537790 -0.010141186667
 0.013349392753 -0.011149748007
 0.017364247717 -0.011813394834
 0.021379102680 -0.012243574669
 0.026999899629 -0.012534581638
 0.032620696577 -0.012710357358
 0.038241493526 -0.012776016450
 0.043862290475 -0.012750015340
 0.051089029409 -0.012604921835
 0.056709826358 -0.012402855129
 0.062330623306 -0.012162056293
 0.070460704607 -0.011727267012
 0.079393756901 -0.011203764381
 0.089129780187 -0.010529103461
 0.098865803473 -0.009829987949
 0.111010739737 -0.008896370923
 0.120646391649 -0.008102707606
 0.129479072569 -0.007349743990
 0.139415838603 -0.006423618058
 0.151259660745 -0.005297307316
 0.164709424872 -0.003986013530
 0.178962159992 -0.002595768825
 0.193214895112 -0.001205659630
 0.208672086721  0.000286439219
 0.222222222222  0.001587384269
 0.232560473753  0.002572315524
 0.244504667269  0.003698859478
 0.256448860785  0.004821193435
 0.266887483690  0.005772339406
 0.277326106594  0.006718110175
 0.290976613470  0.007923109639
 0.306233062331  0.009218241590
 0.321489511191  0.010502917763
 0.334337047074  0.011553337045
 0.349593495935  0.012770826636
 0.360835089832  0.013636409667
 0.371273712737  0.014391631082
 0.381712335642  0.015136835418
 0.394559871525  0.016008477408
 0.404998494429  0.016690406092
 0.419451972298  0.017584014811
 0.430693566195  0.018244425341
 0.445950015056  0.019086776149
 0.462009434909  0.019885895241
 0.478068854763  0.020670010568
 0.494128274616  0.021367230266
 0.510187694470  0.022050381238
 0.524641172338  0.022604061242
 0.535079795242  0.022976027781
 0.545518418147  0.023339660978
 0.555957041052  0.023652721367
 0.566395663957  0.023957350965
 0.577637257854  0.024242170848
 0.588878851751  0.024516555095
 0.603332329620  0.024827217540
 0.613770952524  0.025016344944
 0.628525544515  0.025234812935
 0.640068252534  0.025371293386
 0.654019873532  0.025501392166
 0.668774465522  0.025552902484
 0.683830171635  0.025586221248
 0.697781792633  0.025524079812
 0.711733413630  0.025446651222
 0.727290976613  0.025262856780
 0.738833684633  0.025076900675
 0.753287162501  0.024776184852
 0.764528756399  0.024494021316
 0.779785205259  0.024027661083
 0.791026799157  0.023622519971
 0.805480277025  0.023026794813
 0.816721870922  0.022506834691
 0.831175348791  0.021749183874
 0.841613971695  0.021129364675
 0.854461507578  0.020295096893
 0.868112014453  0.019226581495
 0.882565492322  0.018035637244
 0.894610057212  0.016930869703
 0.911472448058  0.015149971349
 0.930743751882  0.012646662590
 0.949212084713  0.009609144258
 0.967078189300  0.006517130940
 0.989962862592  0.002378832252
 1.000000000000  0.000000000000
