 1.000000000000 -0.000278947005
 0.993317964652  0.002900557797
 0.986067956299  0.006381322791
 0.978550666533  0.009977889541
 0.968327152451  0.014894699339
 0.955096722462  0.021225213726
 0.941866292473  0.027537838835
 0.929738398316  0.033243718157
 0.915204971434  0.039893225253
 0.900972236143  0.046092827164
 0.889145033577  0.051045077441
 0.874611606695  0.057123526937
 0.861681868297  0.062513013954
 0.847148441415  0.068900380929
 0.833517089305  0.075288445647
 0.820487120377  0.081517121439
 0.810163375764  0.086652729649
 0.799839631152  0.091794791670
 0.793525107748  0.094957675447
 0.789515886539  0.096826754261
 0.785506665330  0.098598577290
 0.781497444121  0.100270334409
 0.777488222913  0.101849058033
 0.773479001704  0.103352749699
 0.769469780495  0.104790488166
 0.764658715045  0.106417523582
 0.759847649594  0.107985058212
 0.755036584144  0.109498910571
 0.750225518693  0.110963415174
 0.743008920517  0.113001661637
 0.736594166583  0.114730838693
 0.730179412649  0.116405977869
 0.721359125990  0.118552846986
 0.710133306605  0.121121887948
 0.700511175704  0.123161385541
 0.686879823594  0.125872376975
 0.673248471484  0.128535902088
 0.662022652100  0.130632773142
 0.649994988473  0.132744069458
 0.638769169089  0.134673500212
 0.630750726671  0.135976957241
 0.618723063045  0.137807408495
 0.605091710935  0.139796285802
 0.594667735792  0.141216487920
 0.579432695199  0.143083303969
 0.564999498847  0.144777488215
 0.554575523705  0.145867538955
 0.541746015836  0.146983258774
 0.528916507968  0.148051338058
 0.516888844342  0.148753843408
 0.504861180716  0.149412164032
 0.488022451639  0.150112103838
 0.475192943771  0.150491134850
 0.462363435903  0.150822383294
 0.450335772276  0.150893207981
 0.437506264408  0.150900108339
 0.429487821991  0.150776719362
 0.418262002606  0.150471994669
 0.404730881026  0.149988965470
 0.392803447930  0.149389590878
 0.381677859076  0.148762715665
 0.366543049013  0.147656641330
 0.353813771675  0.146533143032
 0.343389796532  0.145481504839
 0.334569509873  0.144481634610
 0.321840232535  0.142765404056
 0.310113260499  0.140890643501
 0.296381677859  0.138601453053
 0.281046406735  0.136015226131
 0.265711135612  0.133407319506
 0.251478400321  0.130928287773
 0.240252580936  0.128961520411
 0.229527914203  0.126998212821
 0.219605091711  0.125114514513
 0.206474892252  0.122497303558
 0.196151147640  0.120347693172
 0.183421870302  0.117537612913
 0.172997895159  0.115117272239
 0.163375764258  0.112796757673
 0.156961010324  0.111114192140
 0.150546256390  0.109374633231
 0.144933346697  0.107665744448
 0.139320437005  0.105899797646
 0.133707527313  0.104076391016
 0.125689084895  0.101276770106
 0.115265109752  0.097407386478
 0.106444823093  0.093971374105
 0.097624536434  0.090452635742
 0.088804249774  0.086848358308
 0.082389495840  0.084074223790
 0.078380274632  0.082219879730
 0.074371053423  0.080304259887
 0.070361832214  0.078323510099
 0.066352611005  0.076273939524
 0.062343389797  0.074145751360
 0.058334168588  0.071928072560
 0.054324947379  0.069610110067
 0.050315726170  0.067182171354
 0.046306504961  0.064631846723
 0.042297283753  0.061946851845
 0.038288062544  0.059106940642
 0.034278841335  0.056085788208
 0.030269620126  0.052841193608
 0.026260398918  0.049344230082
 0.022251177709  0.045552515517
 0.018241956500  0.041389225616
 0.014232735291  0.036739703259
 0.010223514082  0.031346537517
 0.006615214994  0.025783230930
 0.003407838027  0.019312608406
 0.001002305302  0.012137012144
 0.000000000000  0.004743849096
 0.000200461060 -0.001566590114
 0.001603688484 -0.007271117754
 0.004209682269 -0.011310681996
 0.007617520297 -0.013754356839
 0.011225819385 -0.014864131629
 0.015235040593 -0.015579163897
 0.019244261802 -0.015911867930
 0.023253483011 -0.016083016086
 0.027262704220 -0.016069400406
 0.031271925428 -0.015900320781
 0.035281146637 -0.015598650997
 0.039290367846 -0.015183593369
 0.044101433297 -0.014536470148
 0.054124486319 -0.012990485042
 0.064147539340 -0.011406283142
 0.074170592362 -0.009793449244
 0.088303097123 -0.007407554938
 0.101633757643 -0.005132788172
 0.109752430590 -0.003669027623
 0.121078480505 -0.001534938709
 0.132404530420  0.000635549163
 0.142828505563  0.002838728172
 0.153252480706  0.005085932721
 0.166583141225  0.008098477545
 0.176706424777  0.010509709952
 0.191039390598  0.014030937955
 0.202164979453  0.016827921796
 0.213290568307  0.019633702534
 0.225218001403  0.022658835491
 0.237947278741  0.025868250198
 0.246567104340  0.028013184040
 0.259997995389  0.031268908551
 0.274230730681  0.034691570353
 0.285857472186  0.037419940188
 0.299087902175  0.040498755009
 0.313019945876  0.043722799891
 0.323243459958  0.046068885944
 0.335070662524  0.048747720558
 0.345795329257  0.051154385015
 0.357321840233  0.053639495874
 0.368046506966  0.055914622943
 0.380876014834  0.058478066099
 0.391299989977  0.060473088476
 0.404931342087  0.062913548831
 0.415355317230  0.064649509451
 0.426581136614  0.066446531635
 0.437005111757  0.067908267158
 0.449834619625  0.069572662274
 0.459456750526  0.070698600974
 0.472286258394  0.072040383997
 0.484313922021  0.073224116599
 0.497143429889  0.074288820160
 0.509972937757  0.075184079161
 0.522802445625  0.076038065826
 0.537235641977  0.076772388394
 0.551668838328  0.077466442418
 0.567705723163  0.077942966040
 0.583742607998  0.078214761854
 0.600581337075  0.078417522730
 0.616618221910  0.078252460374
 0.636664327954  0.077835416848
 0.655507667636  0.077129109332
 0.671945474592  0.076418201452
 0.690187431092  0.075563723720
 0.704420166383  0.074829557619
 0.718251979553  0.074110342052
 0.728475493635  0.073589428311
 0.741505462564  0.072921357636
 0.755136814674  0.072280340166
 0.768768166784  0.071677091426
 0.779793525108  0.071312959307
 0.793424877218  0.070945877341
 0.808258995690  0.069985282481
 0.823093114163  0.067855145317
 0.839129998998  0.064969799608
 0.854164578531  0.061761784256
 0.869499849654  0.057088847105
 0.880825899569  0.052848508145
 0.888944572517  0.049577710063
 0.899067856069  0.045341129142
 0.909191139621  0.041066291450
 0.918813270522  0.036827555533
 0.929036784605  0.032274230349
 0.940062142929  0.027310054570
 0.951388192844  0.021879979564
 0.962313320637  0.016580561109
 0.972035682069  0.011722271339
 0.982058735091  0.006393293943
 0.990979252280  0.001647342415
 1.000000000000 -0.003860016006
