 1.000000000000 -0.000298820062
 0.997330663997  0.006020687425
 0.993993993994  0.010377390375
 0.990590590591  0.014736914626
 0.986486486486  0.018289134405
 0.981981981982  0.021707919238
 0.977477477477  0.024646639520
 0.972972972973  0.027299216702
 0.968468468468  0.029761070259
 0.964464464464  0.031796334608
 0.957157157157  0.035096907713
 0.947447447447  0.039351887145
 0.937737737738  0.043567323018
 0.927227227227  0.048129030120
 0.912712712713  0.054603711637
 0.901501501502  0.059742121762
 0.891891891892  0.064273594353
 0.879079079079  0.070450430011
 0.866266266266  0.076749438945
 0.856656656657  0.081642193803
 0.843843843844  0.088498013082
 0.829529529530  0.096594890095
 0.817617617618  0.103691671282
 0.806506506507  0.110400594430
 0.796196196196  0.116665249016
 0.788288288288  0.121377913287
 0.782682682683  0.124448369376
 0.777077077077  0.127209377994
 0.768268268268  0.131065096736
 0.759459459459  0.134772721102
 0.749049049049  0.138730086971
 0.738638638639  0.142556339722
 0.726626626627  0.146582299075
 0.714614614615  0.150058627803
 0.701801801802  0.153632048115
 0.687387387387  0.157224266183
 0.672972972973  0.160747534977
 0.658558558559  0.164044216360
 0.645745745746  0.166807328146
 0.632932932933  0.169487206946
 0.620120120120  0.171908010268
 0.606506506507  0.174394363067
 0.595295295295  0.176322334487
 0.582482482482  0.178282018519
 0.568068068068  0.180283127561
 0.557657657658  0.181546971163
 0.544844844845  0.182896829315
 0.532032032032  0.184193317632
 0.518418418418  0.185280977991
 0.507207207207  0.186071247398
 0.491991991992  0.186979027813
 0.479179179179  0.187601493028
 0.466366366366  0.188177276353
 0.453553553554  0.188464831983
 0.439939939940  0.188697083696
 0.430330330330  0.188725804822
 0.418318318318  0.188589375683
 0.403903903904  0.188290392460
 0.391091091091  0.187745870993
 0.379079079079  0.187142404457
 0.364664664665  0.186203351304
 0.351851851852  0.185073792389
 0.341441441441  0.183970779708
 0.329929929930  0.182317046642
 0.318018018018  0.180508179608
 0.305905905906  0.178411265217
 0.295395395395  0.176487615971
 0.280880880881  0.173860368331
 0.269869869870  0.171878047356
 0.259259259259  0.169980720919
 0.249049049049  0.168152712832
 0.238838838839  0.166307683434
 0.229529529530  0.164454259362
 0.220220220220  0.162557670344
 0.208508508509  0.160013608178
 0.198198198198  0.157602200523
 0.185485485485  0.154354853828
 0.175875875876  0.151668943909
 0.165465465465  0.148581785414
 0.154254254254  0.144608307461
 0.140640640641  0.139121218279
 0.126226226226  0.132442882387
 0.108608608609  0.123523215126
 0.091791791792  0.114623682109
 0.078178178178  0.106813186384
 0.067767767768  0.100327714626
 0.060560560561  0.095367652242
 0.056556556557  0.092224747093
 0.052552552553  0.088913279805
 0.048548548549  0.085422011562
 0.044544544545  0.081744011083
 0.040540540541  0.077858944265
 0.036536536537  0.073737618911
 0.032532532533  0.069329807415
 0.028528528529  0.064583211581
 0.024524524525  0.059455249436
 0.020520520521  0.053854807150
 0.016516516517  0.047658290795
 0.012912912913  0.041594339991
 0.009709709710  0.035613645415
 0.006906906907  0.029574024499
 0.004504504505  0.023222161190
 0.002702702703  0.016661438037
 0.001201201201  0.009622207146
 0.000300300300  0.001468387951
 0.000000000000 -0.006480736489
 0.000500500501 -0.014154656786
 0.001601601602 -0.021056168065
 0.003603603604 -0.027871782993
 0.006206206206 -0.033488674098
 0.009409409409 -0.038875811905
 0.013013013013 -0.043593370757
 0.017017017017 -0.047965129801
 0.021021021021 -0.051617732165
 0.025025025025 -0.054833655235
 0.029029029029 -0.057665176758
 0.033033033033 -0.060167956653
 0.037037037037 -0.062396143990
 0.041041041041 -0.064383257907
 0.045045045045 -0.066160998730
 0.049849849850 -0.068046584235
 0.058658658659 -0.071001959213
 0.067467467467 -0.073821190577
 0.078678678679 -0.077053259871
 0.092292292292 -0.080582863679
 0.105105105105 -0.083698602856
 0.117117117117 -0.085856905430
 0.129129129129 -0.087869346811
 0.141941941942 -0.089304740895
 0.152352352352 -0.090144371784
 0.165965965966 -0.090699773489
 0.176376376376 -0.090708472028
 0.188388388388 -0.090430262967
 0.199899899900 -0.089604865684
 0.211411411411 -0.088676618334
 0.223123123123 -0.087252153745
 0.235635635636 -0.085626377139
 0.246546546547 -0.084085109218
 0.257157157157 -0.082355840761
 0.270970970971 -0.079970214266
 0.282982982983 -0.077720518650
 0.296396396396 -0.075045889336
 0.310610610611 -0.072130213782
 0.322422422422 -0.069599061366
 0.333433433433 -0.067033185532
 0.343543543544 -0.064602152214
 0.354554554555 -0.061854894020
 0.364764764765 -0.059281556577
 0.375275275275 -0.056617834811
 0.386586586587 -0.053750376938
 0.397397397397 -0.051019600491
 0.407507507508 -0.048521159502
 0.417817817818 -0.045996498300
 0.431031031031 -0.042862938362
 0.441041041041 -0.040559432557
 0.453253253253 -0.037833731037
 0.463063063063 -0.035708950568
 0.475875875876 -0.033051113636
 0.485485485485 -0.031137482461
 0.496496496496 -0.028976925022
 0.509009009009 -0.026599454375
 0.521521521522 -0.024234767128
 0.535435435435 -0.021603582981
 0.549349349349 -0.018976554634
 0.564064064064 -0.016229837504
 0.577277277277 -0.013822687330
 0.590790790791 -0.011384240338
 0.602102102102 -0.009454152204
 0.617417417417 -0.006951025692
 0.631331331331 -0.004757838707
 0.646046046046 -0.002556469033
 0.662162162162 -0.000189544367
 0.675875875876  0.001771266599
 0.689489489489  0.003733865737
 0.702302302302  0.005591741529
 0.712112112112  0.007051537207
 0.723023023023  0.008714895398
 0.733933933934  0.010384042837
 0.744444444444  0.011999884086
 0.757357357357  0.014073438117
 0.770070070070  0.016172428780
 0.781381381381  0.018266442593
 0.795095095095  0.020904348526
 0.810110110110  0.022888691012
 0.825125125125  0.023822556328
 0.840940940941  0.024245522964
 0.855355355355  0.023940687654
 0.870570570571  0.021848841755
 0.882582582583  0.018935874145
 0.892192192192  0.016203961963
 0.905005005005  0.011813928506
 0.921921921922  0.005167229631
 0.937237237237 -0.001571537359
 0.950950950951 -0.007874488478
 0.964664664665 -0.014221837533
 0.974374374374 -0.018883505532
 0.979979979980 -0.021354216429
 0.983983983984 -0.022791206832
 0.987987987988 -0.023793556901
 0.991991991992 -0.023869450664
 0.995995995996 -0.023998826581
 1.000000000000 -0.021921209951
