 1.000000000000 -0.000319172474
 0.997330663997  0.005683649476
 0.993993993994  0.009902028275
 0.990590590591  0.014117058262
 0.986186186186  0.017782552427
 0.981381381381  0.021321867238
 0.976576576577  0.024397082375
 0.970970970971  0.027576545348
 0.962262262262  0.031874823354
 0.951151151151  0.036940547805
 0.940040040040  0.041922863996
 0.928128128128  0.047217594145
 0.912912912913  0.054063999048
 0.901001001001  0.059514778319
 0.889889889890  0.064787854539
 0.875575575576  0.071764588204
 0.861261261261  0.078878224494
 0.847847847848  0.086002088630
 0.832332332332  0.094585707119
 0.818418418418  0.102634426088
 0.807707707708  0.109097154473
 0.797797797798  0.115133422298
 0.791091091091  0.119243900593
 0.786286286286  0.122002710604
 0.782282282282  0.124123444938
 0.778278278278  0.126126844347
 0.771071071071  0.129319136665
 0.763863863864  0.132391227056
 0.756656656657  0.135350370320
 0.747047047047  0.138987811109
 0.737437437437  0.142507475439
 0.728628628629  0.145301614557
 0.719019019019  0.148217632226
 0.707007007007  0.151634323731
 0.694994994995  0.154718996640
 0.680580580581  0.158252023480
 0.668568568569  0.161048305142
 0.653353353353  0.164395030745
 0.640540540541  0.167104706267
 0.626926926927  0.169777545517
 0.613313313313  0.172249050361
 0.598898898899  0.174769769629
 0.583683683684  0.176973922574
 0.568468468468  0.179105507982
 0.553253253253  0.180872140841
 0.539639639640  0.182262474787
 0.526826826827  0.183488383632
 0.514814814815  0.184332759299
 0.502802802803  0.185133883650
 0.489189189189  0.185789019532
 0.476376376376  0.186338938586
 0.461961961962  0.186845311992
 0.448348348348  0.187048967469
 0.434734734735  0.187203203151
 0.425125125125  0.187132409715
 0.413113113113  0.186926642686
 0.399499499499  0.186484976122
 0.387487487487  0.185871566963
 0.375475475475  0.185192146228
 0.360260260260  0.183977632559
 0.347447447447  0.182766259539
 0.333933933934  0.180923174315
 0.321621621622  0.179051637542
 0.306706706707  0.176620266611
 0.295795795796  0.174624979158
 0.280880880881  0.171918002557
 0.269869869870  0.169925618316
 0.259259259259  0.168018861140
 0.249049049049  0.166183596472
 0.238838838839  0.164332130318
 0.229529529530  0.162478118248
 0.220220220220  0.160582157069
 0.208508508509  0.158043520421
 0.198198198198  0.155641866871
 0.185485485485  0.152413682107
 0.175875875876  0.149748532287
 0.165465465465  0.146688067415
 0.154254254254  0.142756802737
 0.140640640641  0.137331746942
 0.126226226226  0.130731364851
 0.108608608609  0.121918253111
 0.091791791792  0.113126513024
 0.078178178178  0.105412367128
 0.067767767768  0.099009189897
 0.060560560561  0.094115940514
 0.056556556557  0.091018997664
 0.052552552553  0.087757063203
 0.048548548549  0.084318729422
 0.044544544545  0.080696806149
 0.040540540541  0.076871035213
 0.036536536537  0.072812293684
 0.032532532533  0.068470790357
 0.028528528529  0.063795265069
 0.024524524525  0.058743926881
 0.020520520521  0.053227996634
 0.016516516517  0.047127752043
 0.012912912913  0.041161177184
 0.009709709710  0.035281440097
 0.006906906907  0.029349923140
 0.004504504505  0.023117777020
 0.002702702703  0.016688784506
 0.001201201201  0.009792167804
 0.000300300300  0.001799717220
 0.000000000000 -0.005994878516
 0.000500500501 -0.013528194283
 0.001601601602 -0.020314800352
 0.003203203203 -0.026480233939
 0.005405405405 -0.031560301768
 0.008308308308 -0.036583060094
 0.011611611612 -0.040972608606
 0.015315315315 -0.045038889088
 0.019419419419 -0.048950390848
 0.023523523524 -0.052356555177
 0.027527527528 -0.055235481877
 0.031531531532 -0.057770166399
 0.035535535536 -0.060017245253
 0.039539539540 -0.062017394672
 0.043543543544 -0.063798762681
 0.047547547548 -0.065406379242
 0.051551551552 -0.066887934202
 0.059559559560 -0.069423926530
 0.067567567568 -0.071848247634
 0.077977977978 -0.074691939947
 0.090790790791 -0.077836104857
 0.103603603604 -0.080848010742
 0.114814814815 -0.082861177363
 0.126026026026 -0.084745758932
 0.134834834835 -0.085982893597
 0.142842842843 -0.086768571416
 0.152452452452 -0.087456443535
 0.159659659660 -0.087728090014
 0.170070070070 -0.087720610787
 0.180480480480 -0.087582966036
 0.190090090090 -0.087166976329
 0.200700700701 -0.086336421878
 0.211311311311 -0.085420097203
 0.222522522523 -0.083985466568
 0.234534534535 -0.082357423480
 0.245745745746 -0.080748047898
 0.256756756757 -0.078942766856
 0.270170170170 -0.076635473981
 0.279779779780 -0.074886966579
 0.292392392392 -0.072382391766
 0.305005005005 -0.069832773104
 0.316816816817 -0.067294651147
 0.328628628629 -0.064565389471
 0.341141141141 -0.061617465247
 0.353253253253 -0.058616639648
 0.365365365365 -0.055596143332
 0.375975975976 -0.052916994488
 0.387287287287 -0.050067134878
 0.398098098098 -0.047354939359
 0.407907907908 -0.044954988235
 0.417917917918 -0.042530948896
 0.431031031031 -0.039455904331
 0.441041041041 -0.037178779968
 0.453253253253 -0.034486011922
 0.463063063063 -0.032388296892
 0.475875875876 -0.029766520487
 0.485485485485 -0.027880382456
 0.496796796797 -0.025696496248
 0.509309309309 -0.023359966011
 0.521821821822 -0.021037211298
 0.533433433433 -0.018882332486
 0.547447447447 -0.016294773905
 0.559759759760 -0.014032444621
 0.572472472472 -0.011771944476
 0.585185185185 -0.009530552005
 0.598798798799 -0.007242527668
 0.614014014014 -0.004844534629
 0.630030030030 -0.002369987229
 0.645245245245 -0.000176022329
 0.662162162162  0.002222155812
 0.675875875876  0.004100443130
 0.689489489489  0.005980886162
 0.702302302302  0.007761782543
 0.711911911912  0.009133179170
 0.723023023023  0.010763398115
 0.734134134134  0.012400644966
 0.745145145145  0.014042137347
 0.757757757758  0.015992900491
 0.770370370370  0.017991418381
 0.781081081081  0.019904329299
 0.793793793794  0.022331471828
 0.805105105105  0.024358152409
 0.817217217217  0.025789029264
 0.833333333333  0.026251656511
 0.848148148148  0.026027684352
 0.864164164164  0.024059126989
 0.879379379379  0.020995093919
 0.892192192192  0.017813502579
 0.905005005005  0.013467302093
 0.921621621622  0.007050608804
 0.937437437437  0.000154015624
 0.951651651652 -0.006290635111
 0.965865865866 -0.012770013394
 0.976076076076 -0.017559106553
 0.982482482482 -0.020319358430
 0.986886886887 -0.021470907629
 0.991191191191 -0.021818776042
 0.995662328996 -0.022214102960
 1.000000000000 -0.020668699149
