 1.000000000000 -0.000291792329
 0.992314118630  0.003467282350
 0.985062656642  0.007048654822
 0.977443609023  0.010801652346
 0.970927318296  0.014017500820
 0.964411027569  0.017196871154
 0.957894736842  0.020348836084
 0.953884711779  0.022227456511
 0.949874686717  0.024066743993
 0.945864661654  0.025870420369
 0.941854636591  0.027642905881
 0.937042606516  0.029722586139
 0.929824561404  0.032783501412
 0.919398496241  0.037167116865
 0.908972431078  0.041536026019
 0.895338345865  0.047238041434
 0.879298245614  0.053982591446
 0.865664160401  0.059734217080
 0.851228070175  0.065968133801
 0.834486215539  0.073362635649
 0.820952380952  0.079462045339
 0.810626566416  0.084217764828
 0.800300751880  0.088979707374
 0.793984962406  0.091909311769
 0.789974937343  0.093652058426
 0.785964912281  0.095309349699
 0.781954887218  0.096878355255
 0.777944862155  0.098363189739
 0.773934837093  0.099778849969
 0.769924812030  0.101134113387
 0.765914786967  0.102434753971
 0.761904761905  0.103687451445
 0.757894736842  0.104899265020
 0.753884711779  0.106074413659
 0.749874686717  0.107215317836
 0.745864661654  0.108322284251
 0.741854636591  0.109396110788
 0.737844611529  0.110439468126
 0.733834586466  0.111455372443
 0.729824561404  0.112444749755
 0.725814536341  0.113407964255
 0.721804511278  0.114344193804
 0.717794486216  0.115252918997
 0.713784461153  0.116134906195
 0.709774436090  0.116992763077
 0.705764411028  0.117829314408
 0.700150375940  0.118950470417
 0.693734335840  0.120193684598
 0.685714285714  0.121688626929
 0.675288220551  0.123556023025
 0.664862155388  0.125393847142
 0.652832080201  0.127391611199
 0.641604010025  0.129213149006
 0.631979949875  0.130729502049
 0.621553884712  0.132242766372
 0.610325814536  0.133823535526
 0.601503759398  0.134970587421
 0.592681704261  0.136089311200
 0.583859649123  0.137179722867
 0.575037593985  0.138129966017
 0.567017543860  0.138952965931
 0.559799498747  0.139656235156
 0.552581453634  0.140333265986
 0.545363408521  0.140982861761
 0.538145363409  0.141488642710
 0.530927318296  0.141966258231
 0.523709273183  0.142416404934
 0.515689223058  0.142872904494
 0.507669172932  0.143301451231
 0.502857142857  0.143508550762
 0.498045112782  0.143698057929
 0.493233082707  0.143869988948
 0.489223057644  0.143991123997
 0.482005012531  0.144140663800
 0.474786967419  0.144267608026
 0.467568922306  0.144370711378
 0.460350877193  0.144448220476
 0.453132832080  0.144499037939
 0.445914786967  0.144414778911
 0.438696741855  0.144303379012
 0.431478696742  0.144165404463
 0.424260651629  0.144002203551
 0.417042606516  0.143814944813
 0.413032581454  0.143668333749
 0.408220551378  0.143463689343
 0.400200501253  0.143043155987
 0.392180451128  0.142596812861
 0.384160401003  0.142124550363
 0.376140350877  0.141623824822
 0.368922305764  0.141133463390
 0.364912280702  0.140809185701
 0.360902255639  0.140458595918
 0.354486215539  0.139810590221
 0.348070175439  0.139130245927
 0.341654135338  0.138417046913
 0.335238095238  0.137669332945
 0.328822055138  0.136884612998
 0.324812030075  0.136329459817
 0.320802005013  0.135738718666
 0.314686716792  0.134756602569
 0.308571428571  0.133742060352
 0.300250626566  0.132308393119
 0.291929824561  0.130859462909
 0.281203007519  0.128970809371
 0.270977443609  0.127142471410
 0.260751879699  0.125306736987
 0.249924812030  0.123312322056
 0.239097744361  0.121299129634
 0.227969924812  0.119129085484
 0.218446115288  0.117220368307
 0.208922305764  0.115285395040
 0.200601503759  0.113501414657
 0.192280701754  0.111689486519
 0.186666666667  0.110413029505
 0.181052631579  0.109110162127
 0.175438596491  0.107779678595
 0.171428571429  0.106786685229
 0.167418546366  0.105769027477
 0.163408521303  0.104725045975
 0.159398496241  0.103652893382
 0.155388471178  0.102549818157
 0.151378446115  0.101412484130
 0.147368421053  0.100239398725
 0.143358395990  0.099030718117
 0.139348370927  0.097787593750
 0.135338345865  0.096510151392
 0.131328320802  0.095197556443
 0.127318295739  0.093849287663
 0.123308270677  0.092465289366
 0.119298245614  0.091046105731
 0.115288220551  0.089593586597
 0.111278195489  0.088109262999
 0.107268170426  0.086596125295
 0.103258145363  0.085056017346
 0.099248120301  0.083487720077
 0.095238095238  0.081887809701
 0.091228070175  0.080251581360
 0.087218045113  0.078571604925
 0.083208020050  0.076841134395
 0.079197994987  0.075055659575
 0.075187969925  0.073211784734
 0.071177944862  0.071307226706
 0.067167919799  0.069341366283
 0.063157894737  0.067309520975
 0.059147869674  0.065204136674
 0.055137844612  0.063015638421
 0.051127819549  0.060735817993
 0.047117794486  0.058353800564
 0.043107769424  0.055858297258
 0.039097744361  0.053231935301
 0.035087719298  0.050454296406
 0.031077694236  0.047490144111
 0.027067669173  0.044308077602
 0.023057644110  0.040878780295
 0.019047619048  0.037136109134
 0.015037593985  0.032997423606
 0.011027568922  0.028286951858
 0.007418546366  0.023529764836
 0.004010025063  0.017544544911
 0.001403508772  0.010922414600
 0.000000000000  0.004369490301
 0.000200501253 -0.001677056652
 0.001604010025 -0.007163492655
 0.004611528822 -0.010739724087
 0.008421052632 -0.012824672035
 0.012631578947 -0.013947417129
 0.016842105263 -0.014285354721
 0.021052631579 -0.014339144040
 0.025062656642 -0.014197801652
 0.029072681704 -0.013901249786
 0.033082706767 -0.013485693570
 0.037092731830 -0.012970467387
 0.041102756892 -0.012370655832
 0.045112781955 -0.011700668834
 0.053333333333 -0.010207321371
 0.062355889724 -0.008547786501
 0.073784461153 -0.006403925050
 0.088020050125 -0.003695957460
 0.102255639098 -0.000982010560
 0.114686716792  0.001446940856
 0.126315789474  0.003749534792
 0.135538847118  0.005603754343
 0.145463659148  0.007720832802
 0.155789473684  0.009958321343
 0.166315789474  0.012339136980
 0.176842105263  0.014741502961
 0.191478696742  0.018127943462
 0.202606516291  0.020724927774
 0.214536340852  0.023506682548
 0.227568922306  0.026503737722
 0.241002506266  0.029576748289
 0.252731829574  0.032184524127
 0.267468671679  0.035402422678
 0.282105263158  0.038555253206
 0.295939849624  0.041460330934
 0.310375939850  0.044464425800
 0.323208020050  0.047099814143
 0.335438596491  0.049561056024
 0.346566416040  0.051773555669
 0.357994987469  0.053936169516
 0.368421052632  0.055869867347
 0.381253132832  0.058105338424
 0.392481203008  0.059952892278
 0.406115288221  0.062063255975
 0.416541353383  0.063556722211
 0.430175438596  0.065346488527
 0.440601503759  0.066588859513
 0.452631578947  0.067883399563
 0.462255639098  0.068830878387
 0.475889724311  0.070006932508
 0.486315789474  0.070800659650
 0.499949874687  0.071726558003
 0.512781954887  0.072466235706
 0.526416040100  0.073196950689
 0.540050125313  0.073731108907
 0.553684210526  0.074228147048
 0.566516290727  0.074544028521
 0.581754385965  0.074712303626
 0.596190476190  0.074805824040
 0.607418546366  0.074730565566
 0.621052631579  0.074531455450
 0.637092731830  0.074028503036
 0.649122807018  0.073532244708
 0.665263157895  0.072752532711
 0.680601503759  0.071965336383
 0.696140350877  0.071077575656
 0.707669172932  0.070372550050
 0.722506265664  0.069455794545
 0.736641604010  0.068564133976
 0.750776942356  0.067674178879
 0.762305764411  0.066953542183
 0.773032581454  0.066288918896
 0.780451127820  0.065849043436
 0.784461152882  0.065667018813
 0.789473684211  0.065506846404
 0.796892230576  0.065270962754
 0.809122807018  0.064087276638
 0.821353383459  0.062729519094
 0.836791979950  0.060190581600
 0.853634085213  0.056566131612
 0.868872180451  0.052466002110
 0.881704260652  0.048104800262
 0.896942355890  0.042612528533
 0.911378446115  0.036890818580
 0.923709273183  0.031777495035
 0.936842105263  0.026141869398
 0.949273182957  0.020568956412
 0.960902255639  0.015185690229
 0.970827067669  0.010520150199
 0.981353383459  0.005343303160
 0.991812865497  0.000236340373
 1.000000000000 -0.004332962878
