 1.000000000000 -0.000286388571
 0.993315284602  0.002806513738
 0.986262909857  0.006173848172
 0.978943146496  0.009652525539
 0.972425548982  0.012782424678
 0.965907951469  0.015884439812
 0.959390353956  0.018960989428
 0.955379524717  0.020812786581
 0.951368695478  0.022626749826
 0.947357866239  0.024405463544
 0.943347037000  0.026152848531
 0.936127544370  0.029190771653
 0.928607239547  0.032327357807
 0.918078812795  0.036680584219
 0.907550386042  0.041018101547
 0.893813295899  0.046660657129
 0.880076205756  0.052329924454
 0.866639927805  0.057886881963
 0.852200942545  0.063983303491
 0.837761957285  0.070119301859
 0.824827032989  0.075795237123
 0.815100772085  0.080165242740
 0.805374511180  0.084557216610
 0.799659079515  0.087189405028
 0.793943647849  0.089771937045
 0.789932818610  0.091471502627
 0.785921989371  0.093087120734
 0.781911160132  0.094616074929
 0.777900330893  0.096062410535
 0.773889501654  0.097440797959
 0.769878672416  0.098759823785
 0.765867843177  0.100025123680
 0.761857013938  0.101243208748
 0.757846184699  0.102420941559
 0.753835355460  0.103562409938
 0.749824526221  0.104669960158
 0.745813696982  0.105743897460
 0.741802867743  0.106785033236
 0.737792038504  0.107796047932
 0.733781209265  0.108779933704
 0.729770380026  0.109737634899
 0.725759550787  0.110669543531
 0.721748721548  0.111574908022
 0.717737892309  0.112453293200
 0.713727063070  0.113305522425
 0.709716233831  0.114134203904
 0.705705404592  0.114942141678
 0.700090243658  0.116024605234
 0.693672916876  0.117224570428
 0.685651258398  0.118666875184
 0.675223102376  0.120467653420
 0.664794946355  0.122239456235
 0.652762458638  0.124163194135
 0.641532136769  0.125916382842
 0.631906146596  0.127374788045
 0.621477990575  0.128826528471
 0.611049834553  0.130248839101
 0.603830341923  0.131168080761
 0.596610849293  0.132064918519
 0.589391356663  0.132939737089
 0.585380527424  0.133389092893
 0.581369698185  0.133823932576
 0.574952371403  0.134467434272
 0.568535044620  0.135090367765
 0.562117717838  0.135692171590
 0.555700391056  0.136272135240
 0.549283064274  0.136829539436
 0.545272235035  0.137139759482
 0.538052742404  0.137611663020
 0.530833249774  0.138056380066
 0.523613757144  0.138474636716
 0.515592098666  0.138897501176
 0.506768274341  0.139318478238
 0.501153113406  0.139530442136
 0.495537952472  0.139722736339
 0.489922791537  0.139895183288
 0.481901133059  0.140054513315
 0.474681640429  0.140164835578
 0.467462147799  0.140252434372
 0.460242655169  0.140315628494
 0.453023162539  0.140353321365
 0.445803669909  0.140261192322
 0.438584177279  0.140142892169
 0.431364684649  0.139998969878
 0.424145192018  0.139830829237
 0.416925699388  0.139639531970
 0.412914870149  0.139492306173
 0.408101875063  0.139287753168
 0.403288879976  0.139065252518
 0.396069387346  0.138676758312
 0.388849894716  0.138266224479
 0.381630402086  0.137833596362
 0.375213075303  0.137417921090
 0.368795748521  0.136978003363
 0.364784919282  0.136659626578
 0.360774090043  0.136316636451
 0.354356763261  0.135684267086
 0.347939436478  0.135020748176
 0.341522109696  0.134325259957
 0.335104782914  0.133595970395
 0.328687456132  0.132830355699
 0.324676626893  0.132289106618
 0.317757946455  0.131235601049
 0.310839266018  0.130144120492
 0.301915170962  0.128675003836
 0.292991075905  0.127185882442
 0.281660483305  0.125268887433
 0.271633410208  0.123543912501
 0.261606337110  0.121814181409
 0.250777098165  0.119904323222
 0.239947859220  0.117977364816
 0.228115912965  0.115763030318
 0.217888298406  0.113796416242
 0.206056352151  0.111455506601
 0.197031986363  0.109601997072
 0.188007620576  0.107718790031
 0.182392459641  0.106486091969
 0.176777298707  0.105227218219
 0.172766469468  0.104288958928
 0.168755640229  0.103327439901
 0.164744810990  0.102341187184
 0.160733981751  0.101328524863
 0.156723152512  0.100287378436
 0.152712323273  0.099214217944
 0.148701494034  0.098106711978
 0.144690664795  0.096964289089
 0.140679835556  0.095787797272
 0.136669006317  0.094577964207
 0.132658177078  0.093334238650
 0.128647347839  0.092055861980
 0.124636518600  0.090742529333
 0.120625689361  0.089394248097
 0.116614860122  0.088012200699
 0.112604030883  0.086597638342
 0.108593201644  0.085152845473
 0.104582372405  0.083680406058
 0.100571543167  0.082180473009
 0.096560713928  0.080650252358
 0.092549884689  0.079085734575
 0.088539055450  0.077480624460
 0.084528226211  0.075827606510
 0.080517396972  0.074121420912
 0.076506567733  0.072358563211
 0.072495738494  0.070536669777
 0.068484909255  0.068654873172
 0.064474080016  0.066710125174
 0.060463250777  0.064695752118
 0.056452421538  0.062603023335
 0.052441592299  0.060423251992
 0.048430763060  0.058147484621
 0.044419933821  0.055765314860
 0.040409104582  0.053262480823
 0.036398275343  0.050620307111
 0.032387446104  0.047809961612
 0.028376616866  0.044795172586
 0.024365787627  0.041554224981
 0.020354958388  0.038030867856
 0.016344129149  0.034155495782
 0.012333299910  0.029800224742
 0.008322470671  0.024671685259
 0.004712724356  0.019261743439
 0.001804873158  0.012486748088
 0.000100270731  0.005771615201
 0.000000000000 -0.000470167126
 0.001504060965 -0.005394796281
 0.004010829239 -0.009310089298
 0.007420034092 -0.011044265661
 0.011230321869 -0.011843904788
 0.015040609646 -0.011916667434
 0.018850897423 -0.011732582135
 0.022861726662 -0.011412232685
 0.026872555901 -0.010931720324
 0.030883385140 -0.010340159534
 0.034894214379 -0.009657030622
 0.038905043618 -0.008899488267
 0.042915872857 -0.008076412542
 0.046926702096 -0.007207233128
 0.054647548381 -0.005503135069
 0.063170560513 -0.003625899712
 0.074400882382 -0.001156559490
 0.088839867643  0.001996857697
 0.105685350446  0.005663214197
 0.118820816204  0.008512228847
 0.131154116114  0.011200626910
 0.144490123333  0.014188358995
 0.154617467161  0.016503674763
 0.165847789030  0.019162987168
 0.177278652361  0.021891106547
 0.189511681540  0.024831811415
 0.201243357064  0.027652259339
 0.213877469167  0.030681505389
 0.227012934924  0.033746132171
 0.239747317758  0.036696536412
 0.254086032287  0.039937631549
 0.267923393162  0.042954192940
 0.280858317457  0.045732469792
 0.293592700291  0.048360569726
 0.308131956282  0.051324948337
 0.321066880578  0.053913913226
 0.333700992680  0.056371029026
 0.346335104783  0.058806162963
 0.358367592500  0.060982128969
 0.368795748521  0.062815398209
 0.381630402086  0.064913954810
 0.392860723955  0.066632947794
 0.406497543367  0.068578813539
 0.416925699388  0.069939182435
 0.430562518801  0.071547177287
 0.440990674822  0.072645430706
 0.453023162539  0.073768465859
 0.465055650256  0.074712252869
 0.477890303820  0.075647720003
 0.491025769578  0.076385799324
 0.506567732879  0.077145801195
 0.519703198636  0.077688330638
 0.532838664394  0.078095779156
 0.547578461847  0.078443655073
 0.559610949564  0.078609155655
 0.573247768976  0.078603495457
 0.589291085932  0.078465638477
 0.602927905344  0.078239086334
 0.616564724757  0.077837156918
 0.633410207560  0.077137929652
 0.647849192821  0.076350757236
 0.663591697583  0.075333873321
 0.679334202346  0.074289819472
 0.695277248571  0.073144373595
 0.708011631405  0.072185127774
 0.722450616665  0.071083169685
 0.736588789732  0.069991045438
 0.750726962800  0.068900752244
 0.762258096862  0.068016789367
 0.772987065076  0.067200012465
 0.780407099168  0.066654586792
 0.784417928407  0.066414188669
 0.789431464955  0.066179868810
 0.796851499047  0.065835975421
 0.809084528226  0.064499182220
 0.821317557405  0.062994195809
 0.836759249975  0.060298784992
 0.853604732779  0.056537689333
 0.868845883886  0.052346051130
 0.881680537451  0.047956672021
 0.896921688559  0.042460189641
 0.911962298205  0.036518539881
 0.926200742003  0.030617211894
 0.939737290685  0.024901086933
 0.954777900331  0.018268713267
 0.967913366088  0.012365516918
 0.978943146496  0.007142053289
 0.992145459407  0.000972495864
 1.000000000000 -0.003301257510
