 1.000000000000 -0.000273796621
 0.988448016072  0.004666987424
 0.974686087393  0.010590673872
 0.964239075841  0.015067433765
 0.954897036665  0.019058504967
 0.947865394274  0.022036170898
 0.943746860874  0.023721959554
 0.939728779508  0.025330592258
 0.935710698142  0.026907032092
 0.930085384229  0.029043932290
 0.923656454043  0.031437359450
 0.914816675038  0.034654035453
 0.905976896032  0.037843798894
 0.893119035660  0.042392326891
 0.877850326469  0.047712514040
 0.859367152185  0.054190449158
 0.841386238071  0.060573256239
 0.823405323958  0.066979552096
 0.809442491210  0.072023801347
 0.799497739829  0.075695329359
 0.793571069814  0.077900135262
 0.789552988448  0.079318676218
 0.785534907082  0.080679982268
 0.781516825716  0.081979910105
 0.777498744350  0.083219763898
 0.773480662983  0.084408509731
 0.769462581617  0.085551657123
 0.765444500251  0.086653452019
 0.761426418885  0.087718848021
 0.757408337519  0.088752521764
 0.753390256153  0.089757538691
 0.749372174787  0.090735634901
 0.745354093420  0.091686983885
 0.741336012054  0.092611850654
 0.737317930688  0.093511358694
 0.733299849322  0.094386733595
 0.729281767956  0.095238227004
 0.725263686590  0.096065852330
 0.721245605224  0.096868938936
 0.717227523857  0.097647013024
 0.713209442491  0.098400542321
 0.709191361125  0.099131151362
 0.705173279759  0.099840729516
 0.701155198393  0.100530657760
 0.697137117027  0.101201986820
 0.693119035660  0.101855617290
 0.689100954294  0.102492452740
 0.685082872928  0.103113500080
 0.681064791562  0.103719352193
 0.677046710196  0.104310442230
 0.669814163737  0.105306416103
 0.662581617278  0.106280924556
 0.652938221999  0.107513622790
 0.643294826720  0.108719550495
 0.633651431441  0.109898941735
 0.627222501256  0.110632546215
 0.620793571070  0.111347016826
 0.616775489704  0.111763023689
 0.610346559518  0.112379949646
 0.603917629332  0.112977616226
 0.597488699146  0.113556160026
 0.591059768960  0.114115705635
 0.584630838774  0.114656128808
 0.580612757408  0.114963108313
 0.574183827223  0.115404848455
 0.567754897037  0.115827158237
 0.561325966851  0.116229727958
 0.554897036665  0.116612224205
 0.548468106479  0.116974457183
 0.544450025113  0.117167419443
 0.537217478654  0.117438488445
 0.529984932195  0.117685709464
 0.522752385736  0.117909348325
 0.515519839277  0.118109548822
 0.508287292818  0.118287227521
 0.503465595178  0.118353495663
 0.498643897539  0.118403885503
 0.493822199900  0.118438569944
 0.489000502260  0.118457632128
 0.484178804621  0.118460998485
 0.477749874435  0.118411369209
 0.471320944249  0.118344516983
 0.464892014063  0.118259478760
 0.458463083877  0.118155406627
 0.452034153692  0.118031527543
 0.444801607233  0.117796424324
 0.437569060773  0.117541174347
 0.427925665495  0.117143079844
 0.418282270216  0.116721964944
 0.405323957810  0.116072447304
 0.395580110497  0.115524792187
 0.385836263184  0.114956919412
 0.378503264691  0.114491016560
 0.371170266198  0.114007071286
 0.367152184832  0.113710830353
 0.363134103466  0.113395863176
 0.356705173280  0.112835306969
 0.350276243094  0.112253373376
 0.343847312908  0.111649977637
 0.337418382722  0.111022781827
 0.330989452536  0.110368815990
 0.326971371170  0.109913908757
 0.322953289804  0.109433810161
 0.316223003516  0.108551813803
 0.309492717228  0.107642360134
 0.300652938222  0.106401597636
 0.291813159216  0.105147610841
 0.280160723255  0.103468717189
 0.270416875942  0.102039491985
 0.260673028629  0.100606150469
 0.249924660974  0.098979208488
 0.239176293320  0.097335262448
 0.231240582622  0.096086728031
 0.222501255650  0.094655632580
 0.213761928679  0.093202501420
 0.208136614766  0.092223837322
 0.202511300854  0.091226781817
 0.196885986941  0.090211403220
 0.192867905575  0.089459359403
 0.188849824209  0.088691654602
 0.184831742843  0.087907637198
 0.180813661477  0.087106949345
 0.176795580110  0.086288390194
 0.172777498744  0.085450361994
 0.168759417378  0.084592111928
 0.164741336012  0.083712687003
 0.160723254646  0.082811106904
 0.156705173280  0.081886278697
 0.152687091914  0.080936719937
 0.148669010547  0.079960994805
 0.144650929181  0.078958404536
 0.140632847815  0.077929322653
 0.136614766449  0.076874549194
 0.132596685083  0.075793709510
 0.128578603717  0.074686011731
 0.124560522351  0.073550878732
 0.120542440984  0.072388056786
 0.116524359618  0.071198003918
 0.112506278252  0.069981984014
 0.108488196886  0.068741477403
 0.104470115520  0.067478620400
 0.100452034154  0.066193653533
 0.096433952788  0.064884848080
 0.092415871421  0.063548916963
 0.088397790055  0.062180963960
 0.084379708689  0.060774469119
 0.080361627323  0.059323673710
 0.076343545957  0.057823875527
 0.072325464591  0.056271966975
 0.068307383225  0.054666296879
 0.064289301858  0.053005830710
 0.060271220492  0.051287331605
 0.056253139126  0.049506029673
 0.052235057760  0.047655639220
 0.048216976394  0.045731034929
 0.044198895028  0.043724394390
 0.040180813661  0.041626320498
 0.036162732295  0.039421334115
 0.032144650929  0.037086897222
 0.028126569563  0.034590130500
 0.024108488197  0.031905047981
 0.020090406831  0.028997560950
 0.016072325465  0.025827740199
 0.012054244098  0.022350043464
 0.008036162732  0.018440753813
 0.004018081366  0.013530155072
 0.001205424410  0.007977859241
 0.000000000000  0.003130093664
 0.000703164239 -0.000549133856
 0.003013561025 -0.002962797955
 0.007031642391 -0.003440834236
 0.011451531894 -0.002309271673
 0.015871421396 -0.000840046122
 0.020693119036  0.000851766951
 0.027021597187  0.003147864546
 0.034153691612  0.005774347167
 0.045303867403  0.009821603966
 0.057257659468  0.014113902675
 0.071722752386  0.019146673898
 0.087895529884  0.024531184293
 0.104068307383  0.029776037473
 0.117830236062  0.034013533730
 0.131793068810  0.038241317990
 0.144952285284  0.042094799665
 0.157910597690  0.045793454488
 0.169964841788  0.049205505763
 0.181818181818  0.052501218737
 0.195881466600  0.056260977111
 0.207533902562  0.059291837405
 0.220190858865  0.062365868095
 0.234455047715  0.065736944469
 0.248920140633  0.069016273224
 0.261778001005  0.071777117519
 0.277046710196  0.074938471329
 0.291511803114  0.077675105910
 0.305173279759  0.080149631965
 0.321245605224  0.082816218968
 0.335710698142  0.085114414092
 0.350979407333  0.087285220579
 0.363033651431  0.088864757969
 0.376695128076  0.090489115587
 0.387142139628  0.091553204005
 0.400803616273  0.092763871591
 0.411250627825  0.093547981318
 0.425715720743  0.094413903436
 0.440180813661  0.095031813400
 0.453842290306  0.095532743849
 0.468307383225  0.095757695770
 0.482772476143  0.095934051390
 0.496433952788  0.095852923161
 0.509291813159  0.095641171784
 0.522149673531  0.095390932139
 0.533400301356  0.095025919380
 0.547061778001  0.094494003730
 0.557508789553  0.094004639758
 0.571170266198  0.093180697017
 0.587242591662  0.092089429835
 0.600904068307  0.091060343029
 0.614565544952  0.089868737671
 0.628227021597  0.088637044449
 0.639477649422  0.087442086856
 0.649924660974  0.086237945087
 0.660371672526  0.085007621170
 0.670818684078  0.083675453095
 0.682872928177  0.082084992789
 0.694726268207  0.080433502611
 0.705775991964  0.078853533338
 0.719537920643  0.076855350910
 0.730889000502  0.075179701141
 0.744249121045  0.073186072485
 0.755399296836  0.071518758576
 0.765745856354  0.069974967661
 0.773380210949  0.068845529572
 0.781014565545  0.067731444308
 0.785032646911  0.067188408622
 0.790055248619  0.066550488246
 0.796685082873  0.065711342712
 0.807332998493  0.063999221642
 0.819588146660  0.061748474117
 0.835057759920  0.058383575997
 0.851933701657  0.054171713066
 0.868809643395  0.049439072958
 0.884078352587  0.044526860891
 0.900954294324  0.038725287445
 0.916223003516  0.033183148333
 0.931290808639  0.027458146060
 0.944650929181  0.022268122115
 0.958211953792  0.016779454535
 0.970266197891  0.011737686430
 0.980914113511  0.007228968284
 0.992466097438  0.002278414844
 1.000000000000 -0.000924041018
