 1.000000000000 -0.000238871741
 0.992980344966  0.003221053038
 0.985760128359  0.006626041906
 0.978239069394  0.010169754409
 0.971620537505  0.013225160202
 0.965002005616  0.016236377228
 0.958383473726  0.019207373011
 0.954372242278  0.020938020765
 0.950361010830  0.022629074813
 0.946349779382  0.024283897669
 0.942338547934  0.025905761649
 0.938327316486  0.027497053460
 0.934316085038  0.029060578426
 0.927898114721  0.031494321431
 0.919273967108  0.034712285281
 0.910649819495  0.037910206393
 0.897613317288  0.042676651486
 0.881367829924  0.048593147629
 0.862715603690  0.055455750835
 0.843762535098  0.062592843458
 0.824809466506  0.069766192929
 0.810268752507  0.075386760732
 0.798937023666  0.079860987242
 0.792418772563  0.082481658800
 0.788407541115  0.083999848729
 0.784396309667  0.085454740294
 0.780385078219  0.086842636893
 0.776373846771  0.088169082330
 0.772362615323  0.089444295829
 0.768351383875  0.090673096117
 0.764340152427  0.091860194796
 0.760328920979  0.093011124247
 0.756317689531  0.094130095657
 0.752306458083  0.095219796461
 0.748295226635  0.096281380388
 0.744283995187  0.097314704195
 0.740272763738  0.098320699112
 0.736261532290  0.099301211997
 0.732250300842  0.100257308407
 0.728239069394  0.101189248110
 0.724227837946  0.102096864721
 0.720216606498  0.102979400063
 0.716205375050  0.103836783477
 0.712194143602  0.104670082583
 0.708182912154  0.105481281680
 0.704171680706  0.106272392350
 0.700160449258  0.107044622410
 0.696149217810  0.107799145941
 0.692137986362  0.108537118381
 0.688126754914  0.109259518742
 0.684115523466  0.109967311373
 0.676093060570  0.111292614181
 0.668070597673  0.112594280739
 0.660048134777  0.113872731804
 0.648816686723  0.115572811332
 0.637585238668  0.117241711498
 0.626353790614  0.118720586303
 0.615122342559  0.120166578536
 0.603890894505  0.121579223365
 0.595868431609  0.122513775171
 0.587845968712  0.123423138134
 0.583834737264  0.123834536646
 0.576614520658  0.124505208327
 0.569394304051  0.125152963403
 0.562174087445  0.125777357166
 0.554953870838  0.126377869243
 0.547733654232  0.126953853828
 0.543722422784  0.127231071601
 0.536502206177  0.127653418331
 0.529281989571  0.128051090629
 0.522061772964  0.128424295584
 0.512434817489  0.128843560651
 0.502807862014  0.129232520889
 0.496389891697  0.129429434640
 0.486762936221  0.129633483544
 0.477135980746  0.129809082258
 0.469915764140  0.129885764410
 0.462695547533  0.129939947387
 0.455475330927  0.129970249632
 0.448255114320  0.129882156374
 0.441034897714  0.129770316894
 0.433814681107  0.129635199796
 0.424187725632  0.129383742116
 0.414560770156  0.129104273555
 0.408142799840  0.128862431063
 0.398716405937  0.128432195218
 0.389290012034  0.127976100117
 0.382270357000  0.127587505209
 0.375250701966  0.127177368204
 0.368231046931  0.126743861810
 0.364219815483  0.126452335240
 0.360208584035  0.126138693985
 0.353790613718  0.125565151984
 0.347372643402  0.124964054289
 0.340954673085  0.124334318844
 0.334536702768  0.123674232889
 0.328118732451  0.122981592244
 0.324107501003  0.122491842108
 0.317789811472  0.121633920014
 0.311472121941  0.120744854724
 0.302446851183  0.119400613716
 0.293421580425  0.118034663277
 0.281989570798  0.116263918475
 0.272061772964  0.114686436740
 0.262133975130  0.113097416619
 0.254913758524  0.111924268918
 0.244685118331  0.110202232682
 0.236863217008  0.108846450756
 0.227436823105  0.107133831394
 0.218010429202  0.105395236821
 0.208584035299  0.103630179492
 0.200561572403  0.102032375196
 0.192539109507  0.100407953669
 0.186923385479  0.099221321729
 0.181307661452  0.098010007545
 0.175691937425  0.096772749415
 0.171680705977  0.095850148371
 0.167669474529  0.094905330800
 0.163658243081  0.093937152165
 0.159647011633  0.092944280460
 0.155635780185  0.091924816132
 0.151624548736  0.090876124616
 0.147613317288  0.089796762786
 0.143602085840  0.088686610107
 0.139590854392  0.087546537183
 0.135579622944  0.086376770469
 0.131568391496  0.085176464378
 0.127557160048  0.083944866578
 0.123545928600  0.082681506959
 0.119534697152  0.081386346779
 0.115523465704  0.080060462727
 0.111512234256  0.078704850626
 0.107501002808  0.077321664080
 0.103489771360  0.075912387828
 0.099478539912  0.074476170631
 0.095467308464  0.073010137208
 0.091456077016  0.071510178335
 0.087444845568  0.069969801947
 0.083433614120  0.068382567740
 0.079422382671  0.066743804775
 0.075411151223  0.065050134192
 0.071399919775  0.063299486674
 0.067388688327  0.061491233619
 0.063377456879  0.059622082468
 0.059366225431  0.057686589299
 0.055354993983  0.055677596736
 0.051343762535  0.053588768193
 0.047332531087  0.051412265518
 0.043321299639  0.049139785208
 0.039310068191  0.046757946925
 0.035298836743  0.044249572493
 0.031287605295  0.041585725996
 0.027276373847  0.038737167649
 0.023265142399  0.035678461508
 0.019253910951  0.032354266564
 0.015242679503  0.028701817994
 0.011231448055  0.024593243845
 0.007220216606  0.019717632248
 0.003610108303  0.013831510279
 0.001203369434  0.007453102907
 0.000000000000  0.001579087349
 0.000401123145 -0.003589220138
 0.002406738869 -0.007392314512
 0.005916566386 -0.009510762494
 0.009827517048 -0.010306582768
 0.014139590854 -0.010654554866
 0.018451664661 -0.010559487847
 0.022763738468 -0.010305408689
 0.026774969916 -0.009902116444
 0.030786201364 -0.009405353500
 0.034797432812 -0.008832213695
 0.038808664260 -0.008198136393
 0.042819895708 -0.007511121304
 0.046630565584 -0.006824358416
 0.054853590052 -0.005287330411
 0.063878860810 -0.003592635549
 0.072904131568 -0.001892257452
 0.086141195347  0.000594969234
 0.100381066988  0.003258952318
 0.112615322904  0.005537880381
 0.124047332531  0.007672047535
 0.135479342158  0.009810650102
 0.145808263137  0.011788339828
 0.155334937826  0.013632769308
 0.165563578018  0.015664989783
 0.175792218211  0.017705646856
 0.187625350983  0.020076249899
 0.199558764541  0.022440412851
 0.212394705174  0.024970964961
 0.226133172884  0.027595158089
 0.239671079021  0.030166608341
 0.254011231448  0.032811737348
 0.267549137585  0.035222065714
 0.280184516647  0.037437819013
 0.292519053349  0.039505396989
 0.305054151625  0.041590478088
 0.315984757320  0.043365184145
 0.328519855596  0.045316512307
 0.341054953871  0.047247003936
 0.353088648215  0.048974720018
 0.365122342559  0.050676199718
 0.379562775772  0.052581113338
 0.389991977537  0.053854233307
 0.403630164460  0.055384541833
 0.414059366225  0.056449807262
 0.428499799438  0.057753953745
 0.442137986362  0.058783456344
 0.455776173285  0.059771082977
 0.469414360209  0.060550815790
 0.483052547132  0.061293307772
 0.495788206980  0.061810834847
 0.508523866827  0.062209935630
 0.521259526675  0.062579475680
 0.533192940233  0.062822259478
 0.547533092659  0.063042537230
 0.558764540714  0.063145951714
 0.572402727637  0.063105277942
 0.588447653430  0.062952483424
 0.602085840353  0.062735494302
 0.615724027276  0.062378017694
 0.631768953069  0.061860067992
 0.645407139992  0.061238970554
 0.656638588047  0.060669382003
 0.671780986763  0.059814819260
 0.687023666266  0.058868755655
 0.700060168472  0.058018351722
 0.711492178099  0.057249451077
 0.725431207381  0.056299906288
 0.739370236663  0.055324565271
 0.750802246290  0.054522833112
 0.762033694344  0.053739570734
 0.772462896109  0.053017613850
 0.780385078219  0.052485087210
 0.784396309667  0.052262538599
 0.789410348977  0.052037618536
 0.796831127156  0.051707323314
 0.809065383073  0.050591662694
 0.823706377858  0.048804799705
 0.839951865223  0.046436201329
 0.857601283594  0.043235742635
 0.872843963097  0.039957984307
 0.885679903730  0.036541164350
 0.898515844364  0.032797308568
 0.912956277577  0.028275431577
 0.924989971921  0.024357059670
 0.938628158845  0.019802603787
 0.951062976334  0.015480463778
 0.962795828319  0.011265363896
 0.972222222222  0.007802989708
 0.982250300842  0.004005046714
 0.992478941035  0.000138153496
 1.000000000000 -0.002993621997
