 1.000000000000 -0.000257301026
 0.997327721549  0.003967023428
 0.993987373484  0.007213112408
 0.990580218459  0.010450853793
 0.986271169456  0.013466760709
 0.981561278685  0.016467004383
 0.976851387915  0.019169799669
 0.971339813609  0.022078297117
 0.965828239303  0.024858690303
 0.957811403948  0.028510031488
 0.947389517988  0.033097461005
 0.936967632027  0.037630138310
 0.926545746067  0.042101078353
 0.912115442429  0.048379065889
 0.900691452049  0.053417580701
 0.890069145205  0.058202068278
 0.876240104219  0.064560627887
 0.863212746768  0.070614427683
 0.850185389318  0.077008354199
 0.834853191703  0.084847172055
 0.820322677623  0.092484714664
 0.808998897685  0.098620971679
 0.797675117747  0.104746945197
 0.790359755487  0.108729984918
 0.785549654274  0.111160749307
 0.781541236597  0.113023766780
 0.777532818920  0.114783617618
 0.770317667101  0.117588143528
 0.763102515282  0.120286939592
 0.755887363463  0.122886328552
 0.746267161038  0.126087869350
 0.736646958613  0.129188083734
 0.728630123259  0.131467961772
 0.716604870227  0.134590394821
 0.703777933661  0.137803166588
 0.691752680629  0.140567101929
 0.677322376992  0.143744765754
 0.664495440425  0.146464321387
 0.651668503858  0.148964744900
 0.639643250827  0.151260271591
 0.626014630725  0.153704789447
 0.611584327087  0.156081533105
 0.597154023449  0.158404883314
 0.581922036276  0.160467346953
 0.566690049103  0.162466890619
 0.554664796072  0.163897079250
 0.541837859505  0.165122372649
 0.529010922938  0.166298243540
 0.516985669907  0.167103164076
 0.504960416875  0.167865264399
 0.488926746167  0.168706082764
 0.476901493136  0.169202025983
 0.464876240104  0.169655593874
 0.452850987073  0.169851282724
 0.440024050506  0.169995643566
 0.431205531616  0.169976799261
 0.419180278585  0.169812054043
 0.404749974947  0.169490924522
 0.393526405451  0.169079642524
 0.381501152420  0.168500088168
 0.366269165247  0.167527220091
 0.353442228680  0.166490274402
 0.343020342720  0.165490430814
 0.329391722617  0.163797156424
 0.317366469586  0.162151183616
 0.305942479206  0.160311044695
 0.295320172362  0.158529341696
 0.282493235795  0.156341881146
 0.272071349835  0.154531277698
 0.261649463874  0.152718178406
 0.251127367472  0.150849550102
 0.240605271069  0.148960027788
 0.229882753783  0.146920168432
 0.220763603567  0.145118627186
 0.211644453352  0.143281757032
 0.202024250927  0.141139772300
 0.192404048502  0.138944554884
 0.181982162541  0.136238246084
 0.170758593045  0.133170449899
 0.157129972943  0.129090060787
 0.146708086983  0.125651777464
 0.133079466880  0.120675781410
 0.119450846778  0.114919788614
 0.105020543141  0.108388053042
 0.092995290109  0.102580559491
 0.080970037078  0.096609162464
 0.072151518188  0.091880819161
 0.066539733440  0.088582746055
 0.062531315763  0.086041176610
 0.058522898086  0.083383447788
 0.054514480409  0.080596554898
 0.050506062732  0.077670367919
 0.046497645055  0.074594163640
 0.042489227377  0.071357828633
 0.038480809700  0.067940447635
 0.034472392023  0.064314572746
 0.030463974346  0.060435208010
 0.026455556669  0.056265099619
 0.022447138992  0.051753615749
 0.018438721315  0.046806496905
 0.014430303638  0.041278105692
 0.010822727728  0.035812457692
 0.007615993587  0.030325749836
 0.004810101213  0.024676430827
 0.002405050606  0.017948491238
 0.000801683535  0.010329161667
 0.000000000000  0.001968174933
 0.000000000000 -0.006230588728
 0.001202525303 -0.014162551253
 0.003607575909 -0.020308700443
 0.006613889167 -0.024494996283
 0.010021044193 -0.027473305162
 0.013829040986 -0.029929541350
 0.017637037779 -0.031689989664
 0.021445034573 -0.033174315594
 0.025453452250 -0.034494350982
 0.029461869927 -0.035566388344
 0.033470287604 -0.036426102087
 0.037478705281 -0.037103684744
 0.041487122958 -0.037622682634
 0.045495540635 -0.038012724009
 0.049503958312 -0.038314371793
 0.057520793667 -0.038678304573
 0.065537629021 -0.038981537038
 0.075959514981 -0.039211114331
 0.088786451548 -0.039302947318
 0.101613388115 -0.039328164626
 0.110431907005 -0.039159709185
 0.122457160036 -0.038697553995
 0.132077362461 -0.038172526725
 0.142499248422 -0.037255442503
 0.152921134382 -0.036255864373
 0.166549754484 -0.034651930935
 0.176971640445 -0.033187374440
 0.187393526405 -0.031653207433
 0.198116043692 -0.029794032702
 0.208838560978 -0.027897978880
 0.217556869426 -0.026237041397
 0.229481912015 -0.023906695792
 0.241406954605 -0.021561504871
 0.252530313659 -0.019309917198
 0.267161038180 -0.016328869749
 0.280589237399 -0.013585721318
 0.294518488827 -0.010675856510
 0.309249423790 -0.007577528836
 0.324080569195 -0.004399512805
 0.337007716204 -0.001577131770
 0.353141597354  0.001925536994
 0.365868323479  0.004681611824
 0.380599258443  0.007799549328
 0.392524301032  0.010271592362
 0.406052710692  0.012936709804
 0.416274175769  0.014868756603
 0.426996693055  0.016835292419
 0.437318368574  0.018576825864
 0.450045094699  0.020614562091
 0.459565086682  0.022040358404
 0.472392023249  0.023829632868
 0.484417276280  0.025444563453
 0.495640845776  0.026844418524
 0.507666098807  0.028223021192
 0.519691351839  0.029574509351
 0.529311554264  0.030608642785
 0.542739753482  0.032005627203
 0.554564585630  0.033200210177
 0.567992784848  0.034412115341
 0.582222667602  0.035648641913
 0.598055917427  0.036913353542
 0.614089588135  0.037944615890
 0.630924942379  0.038963552139
 0.645355246017  0.039638102152
 0.662190600261  0.040323080665
 0.676620903898  0.040842355815
 0.690149313558  0.041280390478
 0.702876039683  0.041688405952
 0.716604870227  0.042147043835
 0.727126966630  0.042515778507
 0.740254534522  0.042970363696
 0.753482312857  0.043468492075
 0.766710091192  0.043998193438
 0.778033871129  0.044620697279
 0.791862912115  0.045492064570
 0.807896582824  0.045713316169
 0.823128569997  0.045014613843
 0.839162240705  0.043802014461
 0.853692754785  0.042104333627
 0.868924741958  0.038756422536
 0.879346627919  0.035643128371
 0.888966830344  0.032311233998
 0.897785349233  0.029098658602
 0.909810602265  0.024309132035
 0.921034171761  0.019274855480
 0.935865317166  0.012240891263
 0.949093095501  0.005766777521
 0.962320873835 -0.000744233492
 0.972341918028 -0.005788046046
 0.979957911614 -0.009526415498
 0.983966329292 -0.011234928736
 0.987974746969 -0.012651951447
 0.991983164646 -0.013565107234
 0.995991582323 -0.014478607074
 1.000000000000 -0.014214169950
