 1.000000000000 -0.000466109178
 0.997330663997  0.007001878866
 0.993593593594  0.012616576098
 0.989989989990  0.017916464887
 0.985485485485  0.022567567696
 0.980980980981  0.026298006031
 0.976476476476  0.029517681155
 0.971971971972  0.032416064208
 0.967467467467  0.035105950587
 0.963463463463  0.037306913614
 0.956156156156  0.040872070905
 0.945645645646  0.045896175190
 0.935135135135  0.050888744178
 0.922222222222  0.057122136430
 0.906906906907  0.064680583087
 0.893293293293  0.071674550597
 0.879679679680  0.079036111067
 0.866066066066  0.086476302179
 0.850850850851  0.095311114223
 0.838038038038  0.102978184169
 0.824824824825  0.111362143167
 0.814014014014  0.118569771132
 0.803203203203  0.125810217092
 0.796396396396  0.130473212235
 0.788788788789  0.135459976126
 0.783183183183  0.138839320895
 0.777577577578  0.141865836095
 0.768768768769  0.146069214878
 0.759959959960  0.150105015773
 0.749549549550  0.154399797854
 0.739139139139  0.158548461373
 0.727127127127  0.162906414498
 0.715115115115  0.166664586838
 0.702302302302  0.170528295476
 0.687887887888  0.174417974763
 0.673473473473  0.178235003179
 0.659059059059  0.181818214825
 0.646246246246  0.184834065668
 0.633433433433  0.187764757176
 0.620620620621  0.190426307916
 0.607007007007  0.193162030270
 0.595795795796  0.195286109844
 0.582982982983  0.197445876933
 0.568568568569  0.199652489696
 0.558158158158  0.201047261501
 0.545345345345  0.202535405109
 0.532532532533  0.203964770996
 0.518918918919  0.205167826461
 0.507707707708  0.206043506462
 0.493493493493  0.207016353191
 0.480880880881  0.207713381600
 0.468268268268  0.208361515122
 0.455655655656  0.208698668580
 0.442242242242  0.208978358725
 0.430230230230  0.209024997286
 0.417417417417  0.208868808432
 0.401401401401  0.208461263994
 0.387787787788  0.207810083681
 0.372572572573  0.206786902378
 0.356556556557  0.205343130405
 0.342942942943  0.203872955015
 0.329529529530  0.201846869286
 0.317717717718  0.199871515451
 0.304904904905  0.197403627569
 0.291791791792  0.194744398943
 0.277077077077  0.191781335470
 0.265365365365  0.189450217104
 0.251351351351  0.186647920440
 0.240740740741  0.184549262770
 0.230530530531  0.182400883139
 0.221121121121  0.180306795667
 0.209309309309  0.177499752367
 0.198998998999  0.174853694600
 0.186286286286  0.171280237137
 0.175875875876  0.168121915407
 0.165465465465  0.164709974680
 0.154254254254  0.160298974036
 0.140640640641  0.154197392757
 0.126226226226  0.146770738105
 0.108608608609  0.136860422172
 0.090990990991  0.126317771848
 0.076576576577  0.116951409380
 0.065365365365  0.109021368740
 0.057357357357  0.102741215195
 0.052552552553  0.098430807931
 0.048548548549  0.094545444925
 0.044544544545  0.090449779425
 0.040540540541  0.086120765312
 0.036536536537  0.081525218151
 0.032532532533  0.076605883247
 0.028528528529  0.071303494714
 0.024524524525  0.065572263673
 0.020920920921  0.060084342345
 0.017717717718  0.054870109187
 0.014914914915  0.049980684628
 0.012512512513  0.045445924761
 0.010510510511  0.041256338408
 0.008508508509  0.036648814433
 0.006506506507  0.031414274988
 0.004504504505  0.025155127055
 0.002702702703  0.017841773748
 0.001201201201  0.010005317332
 0.000300300300  0.000959016247
 0.000000000000 -0.007863563209
 0.000500500501 -0.016393493093
 0.001601601602 -0.024068672100
 0.003603603604 -0.031659117774
 0.006106106106 -0.037817157642
 0.009209209209 -0.043731127185
 0.012712712713 -0.048896936662
 0.016616616617 -0.053676277808
 0.020520520521 -0.057660232688
 0.024524524525 -0.061294778803
 0.028528528529 -0.064491844793
 0.032532532533 -0.067315573431
 0.036536536537 -0.069827840651
 0.040540540541 -0.072067081909
 0.044544544545 -0.074065592863
 0.049349349349 -0.076176543245
 0.058158158158 -0.079492225600
 0.066966966967 -0.082659897346
 0.078178178178 -0.086309086692
 0.091791791792 -0.090311371794
 0.104604604605 -0.093857838452
 0.116616616617 -0.096351962974
 0.128628628629 -0.098684372792
 0.139839839840 -0.100332339009
 0.149449449449 -0.101339511297
 0.159059059059 -0.102200076829
 0.165465465465 -0.102466510272
 0.175075075075 -0.102449411637
 0.183083083083 -0.102203688162
 0.194294294294 -0.101343950592
 0.205505505506 -0.100370490592
 0.220520520521 -0.098606866090
 0.233133133133 -0.096757350160
 0.245745745746 -0.094823760451
 0.256756756757 -0.092799791917
 0.270970970971 -0.090016578920
 0.282982982983 -0.087444271995
 0.296396396396 -0.084379822883
 0.310610610611 -0.081036887688
 0.322422422422 -0.078131631470
 0.333433433433 -0.075180281852
 0.343543543544 -0.072382110394
 0.354554554555 -0.069218694623
 0.364764764765 -0.066254972907
 0.374974974975 -0.063276366931
 0.386286286286 -0.059973188857
 0.397097097097 -0.056827954075
 0.407207207207 -0.053951946260
 0.417517517518 -0.051046528827
 0.431031031031 -0.047355241850
 0.441041041041 -0.044710935370
 0.453253253253 -0.041586279602
 0.463063063063 -0.039154172595
 0.475875875876 -0.036118265242
 0.485485485485 -0.033937024329
 0.496496496496 -0.031476942997
 0.509009009009 -0.028776377549
 0.521521521522 -0.026091157019
 0.530830830831 -0.024101710120
 0.544344344344 -0.021204303693
 0.556756756757 -0.018555027652
 0.566866866867 -0.016424692245
 0.580180180180 -0.013702453277
 0.594294294294 -0.010857227422
 0.608208208208 -0.008247899502
 0.624224224224 -0.005353861513
 0.641841841842 -0.002329703651
 0.658158158158  0.000346193278
 0.673673673674  0.002854172857
 0.689389389389  0.005365489545
 0.703103103103  0.007569353400
 0.716216216216  0.009728368680
 0.727427427427  0.011603351978
 0.738638638639  0.013482172893
 0.749449449449  0.015288718298
 0.761461461461  0.017365286472
 0.770870870871  0.019060141116
 0.781481481481  0.021158451228
 0.794594594595  0.023907331694
 0.808708708709  0.025889893431
 0.823623623624  0.026832448711
 0.839339339339  0.027188850059
 0.853853853854  0.026792735429
 0.869069069069  0.024280771363
 0.879479479479  0.021454401037
 0.889089089089  0.018204472515
 0.897897897898  0.015000115081
 0.909909909910  0.010044010500
 0.923023023023  0.003454011892
 0.938138138138 -0.004459247578
 0.951651651652 -0.011786252246
 0.965165165165 -0.019122440618
 0.975475475475 -0.024796898641
 0.981481481481 -0.027743912008
 0.985485485485 -0.029165761124
 0.989289289289 -0.029969409259
 0.992992992993 -0.029689848284
 0.996663329997 -0.029377192000
 1.000000000000 -0.026618326649
