 1.000000000000 -0.000278580217
 0.993316624896  0.002768794026
 0.985664160401  0.006374388334
 0.977744360902  0.010084609238
 0.970626566416  0.013444591053
 0.963508771930  0.016769367834
 0.956390977444  0.020064359613
 0.952380952381  0.021862413139
 0.948370927318  0.023625046978
 0.944360902256  0.025355990104
 0.940350877193  0.027059644434
 0.933433583960  0.029919454798
 0.926516290727  0.032759479877
 0.916591478697  0.036807868518
 0.906666666667  0.040846341300
 0.893533834586  0.046183276601
 0.880100250627  0.051676711342
 0.866666666667  0.057182392489
 0.852230576441  0.063228563820
 0.835689223058  0.070300519890
 0.822355889724  0.076120521522
 0.812230576441  0.080641848858
 0.802105263158  0.085178637988
 0.795989974937  0.087956200972
 0.791979949875  0.089689218511
 0.787969924812  0.091338480349
 0.783959899749  0.092904253712
 0.779949874687  0.094385254325
 0.775939849624  0.095791684534
 0.771929824561  0.097136642946
 0.767919799499  0.098426128825
 0.763909774436  0.099665725356
 0.759899749373  0.100862692051
 0.755889724311  0.102022186207
 0.751879699248  0.103147379809
 0.747869674185  0.104239521002
 0.743859649123  0.105298613022
 0.739849624060  0.106326400164
 0.735839598997  0.107326193974
 0.731829573935  0.108299781777
 0.727819548872  0.109247823057
 0.723809523810  0.110170182136
 0.719799498747  0.111066062721
 0.715789473684  0.111935602895
 0.711779448622  0.112780596359
 0.707769423559  0.113603785222
 0.703759398496  0.114407671790
 0.697343358396  0.115629993941
 0.690927318296  0.116827782290
 0.683709273183  0.118136798443
 0.673283208020  0.119941427172
 0.660451127820  0.122083595476
 0.649223057644  0.123872795330
 0.637994987469  0.125634486065
 0.624360902256  0.127648724042
 0.613132832080  0.129205181190
 0.604310776942  0.130364099688
 0.596290726817  0.131379815220
 0.588270676692  0.132370679953
 0.583458646617  0.132921661794
 0.576240601504  0.133664666561
 0.569022556391  0.134384207351
 0.561804511278  0.135079531849
 0.554586466165  0.135749788692
 0.547368421053  0.136393979629
 0.543358395990  0.136705581238
 0.536942355890  0.137141464308
 0.530526315789  0.137553518792
 0.524110275689  0.137942679252
 0.516892230576  0.138343714805
 0.508872180451  0.138750192600
 0.503258145363  0.138988317039
 0.497644110276  0.139206899523
 0.492030075188  0.139405688562
 0.487218045113  0.139550810687
 0.480000000000  0.139692889957
 0.472781954887  0.139812751222
 0.465563909774  0.139909048916
 0.458345864662  0.139980079639
 0.447919799499  0.139970754940
 0.440701754386  0.139885696995
 0.433483709273  0.139774516062
 0.426265664160  0.139638186704
 0.419047619048  0.139478253649
 0.415037593985  0.139349757140
 0.411027568922  0.139205093246
 0.407017543860  0.139044888027
 0.403007518797  0.138869585523
 0.396591478697  0.138538801512
 0.390175438596  0.138189157092
 0.383759398496  0.137820464917
 0.377343358396  0.137431546974
 0.370927318296  0.137019498461
 0.366917293233  0.136722561635
 0.362907268170  0.136401882937
 0.358095238095  0.135973486405
 0.352481203008  0.135431074333
 0.346867167920  0.134862516223
 0.341253132832  0.134268041159
 0.335639097744  0.133646243134
 0.330827067669  0.133077239192
 0.326817042607  0.132563230639
 0.322807017544  0.132015916402
 0.316290726817  0.131030324895
 0.309774436090  0.130010722707
 0.301052631579  0.128589572211
 0.292330827068  0.127151377521
 0.281403508772  0.125327544433
 0.271378446115  0.123627587168
 0.260952380952  0.121850079429
 0.250125313283  0.119958703451
 0.239298245614  0.118049322729
 0.227167919799  0.115792792465
 0.216641604010  0.113778275002
 0.204912280702  0.111459060739
 0.195789473684  0.109585280346
 0.186666666667  0.107679997815
 0.181052631579  0.106441495111
 0.175438596491  0.105176232161
 0.171428571429  0.104230984645
 0.167418546366  0.103261556361
 0.163408521303  0.102266415662
 0.159398496241  0.101243866749
 0.155388471178  0.100191363106
 0.151378446115  0.099105590136
 0.147368421053  0.097984872612
 0.143358395990  0.096829212062
 0.139348370927  0.095639673507
 0.135338345865  0.094416350035
 0.131328320802  0.093158539674
 0.127318295739  0.091865736376
 0.123308270677  0.090537754641
 0.119298245614  0.089174888725
 0.115288220551  0.087778685439
 0.111278195489  0.086350341619
 0.107268170426  0.084892588558
 0.103258145363  0.083407207741
 0.099248120301  0.081893119602
 0.095238095238  0.080347158586
 0.091228070175  0.078764952020
 0.087218045113  0.077139578175
 0.083208020050  0.075464567526
 0.079197994987  0.073735515287
 0.075187969925  0.071949142565
 0.071177944862  0.070103171816
 0.067167919799  0.068196655031
 0.063157894737  0.066224497163
 0.059147869674  0.064179050135
 0.055137844612  0.062050996277
 0.051127819549  0.059832450422
 0.047117794486  0.057513016726
 0.043107769424  0.055082037030
 0.039097744361  0.052522753058
 0.035087719298  0.049814991473
 0.031077694236  0.046924437132
 0.027067669173  0.043820536112
 0.023057644110  0.040474023456
 0.019047619048  0.036819429847
 0.015037593985  0.032774714789
 0.011027568922  0.028167268325
 0.007418546366  0.023509489285
 0.004010025063  0.017646414450
 0.001403508772  0.011169727816
 0.000000000000  0.004783088929
 0.000200501253 -0.001062131043
 0.001604010025 -0.006325905450
 0.004611528822 -0.009681516888
 0.008421052632 -0.011559320241
 0.012631578947 -0.012487055377
 0.016842105263 -0.012663956231
 0.021052631579 -0.012568544757
 0.025062656642 -0.012296837716
 0.029072681704 -0.011881889852
 0.033082706767 -0.011361863888
 0.037092731830 -0.010754213872
 0.041102756892 -0.010072251282
 0.045313283208 -0.009286316876
 0.054837092732 -0.007420211554
 0.064360902256 -0.005539966726
 0.076290726817 -0.003163542638
 0.091127819549 -0.000200865718
 0.108170426065  0.003210980465
 0.119899749373  0.005580745748
 0.131629072682  0.007963655649
 0.145062656642  0.010805083246
 0.158796992481  0.013833387738
 0.170125313283  0.016392829823
 0.181553884712  0.018998648506
 0.196390977444  0.022411734788
 0.207117794486  0.024899419185
 0.214636591479  0.026638364885
 0.225964912281  0.029220987627
 0.237994987469  0.031932168930
 0.246716791980  0.033859137702
 0.257644110276  0.036232335922
 0.272280701754  0.039330646054
 0.283909774436  0.041720586558
 0.297142857143  0.044397383988
 0.311077694236  0.047189014890
 0.326817042607  0.050250376665
 0.338847117794  0.052546865610
 0.353283208020  0.055195412599
 0.365313283208  0.057341621248
 0.378947368421  0.059655674157
 0.389373433584  0.061291985467
 0.403007518797  0.063277460181
 0.413433583960  0.064675025260
 0.427869674185  0.066408651704
 0.442305764411  0.067917216003
 0.455939849624  0.069265862067
 0.470375939850  0.070402091534
 0.485012531328  0.071502824505
 0.498446115288  0.072294577786
 0.511879699248  0.072931947426
 0.525313283208  0.073532304290
 0.536340852130  0.073908952977
 0.549573934837  0.074273312464
 0.560000000000  0.074487032517
 0.572832080201  0.074557886577
 0.588070175439  0.074519199847
 0.601704260652  0.074398265688
 0.615338345865  0.074107065191
 0.632982456140  0.073551834783
 0.647418546366  0.072890996303
 0.663258145363  0.072008123249
 0.679097744361  0.071098657936
 0.695137844612  0.070091329313
 0.707969924812  0.069241861260
 0.722506265664  0.068266097578
 0.736641604010  0.067306188135
 0.750776942356  0.066348445905
 0.762305764411  0.065573291824
 0.773032581454  0.064858445877
 0.780451127820  0.064384557904
 0.784461152882  0.064182582818
 0.789473684211  0.063995681784
 0.796892230576  0.063722350258
 0.809122807018  0.062511692203
 0.821353383459  0.061134844792
 0.836791979950  0.058609268130
 0.853634085213  0.055040883136
 0.868872180451  0.051030213427
 0.881704260652  0.046795336318
 0.896942355890  0.041478562855
 0.911378446115  0.035967114828
 0.923709273183  0.031055175798
 0.936842105263  0.025656270180
 0.951478696742  0.019336999712
 0.964611528822  0.013539164898
 0.976240601504  0.008133208923
 0.991478696742  0.001153449265
 1.000000000000 -0.003368899727
