 1.000000000000 -0.000473795618
 0.997329594766  0.007719513513
 0.993991588224  0.013251436332
 0.990586821550  0.018775970530
 0.986280793110  0.023308596649
 0.981574203885  0.027612122127
 0.976867614661  0.031260310385
 0.972161025436  0.034519225221
 0.967454436211  0.037517079125
 0.963448828360  0.039841381515
 0.956439014620  0.043453320631
 0.947025836171  0.048165728270
 0.937612657721  0.052841341309
 0.927398357701  0.057931491276
 0.913178449830  0.065280566127
 0.901662327258  0.071441665000
 0.890947326257  0.077388674802
 0.876226717404  0.085850282766
 0.862307230122  0.093974457887
 0.849188864410  0.102128873752
 0.836370919287  0.110233336720
 0.823052273182  0.119149843973
 0.812938113359  0.126289142136
 0.802823953535  0.133444000443
 0.795914279992  0.138380748692
 0.788203484879  0.143638789460
 0.782595633887  0.147127647929
 0.776987782896  0.150235864510
 0.768976567194  0.154217648124
 0.760164229922  0.158342089182
 0.749749649509  0.162713290680
 0.739335069097  0.166929787171
 0.727318245544  0.171344336897
 0.714500300421  0.175454106204
 0.700881233727  0.179547467888
 0.686260765071  0.183511909808
 0.671640296415  0.187403466144
 0.657019827759  0.191062635971
 0.644802723813  0.193980208139
 0.632585619868  0.196780780318
 0.619767674745  0.199455529429
 0.606949729621  0.202072931125
 0.595734027639  0.204197679292
 0.580512717805  0.206711557869
 0.566092529541  0.208899854642
 0.555677949129  0.210271454000
 0.542058882435  0.211856208181
 0.529240937312  0.213253170228
 0.517224113759  0.214222331873
 0.506008411776  0.215062773474
 0.490887242139  0.216024027902
 0.478169437212  0.216678144609
 0.463849389145  0.217289394891
 0.450330462648  0.217560140514
 0.436811536151  0.217775813832
 0.423392749850  0.217625406630
 0.408371720409  0.217254573642
 0.392549569397  0.216582573657
 0.379931904667  0.215843364878
 0.364910875225  0.214698243322
 0.352092930102  0.213347215453
 0.341678349690  0.212029498435
 0.330062086922  0.210024458563
 0.318045263369  0.207833549308
 0.305828159423  0.205307702788
 0.295213298618  0.202991159383
 0.282495493691  0.200242215886
 0.271780492690  0.197994299538
 0.261466052473  0.195859573346
 0.250951331865  0.193707462730
 0.240436611256  0.191539845625
 0.229120769077  0.189054687073
 0.219407170038  0.186827995438
 0.206489084719  0.183625030900
 0.196374924895  0.180940552799
 0.183857400361  0.177299217372
 0.174243941518  0.174239904271
 0.163829361106  0.170714043177
 0.153414780693  0.166384970866
 0.139795714000  0.160056343757
 0.125375525736  0.152351964561
 0.107750851192  0.142069583684
 0.090126176647  0.131127111398
 0.075705988384  0.121402621822
 0.064490286401  0.113164649155
 0.056479070699  0.106629830974
 0.050871219708  0.101237699196
 0.046064490286  0.096234614641
 0.041257760865  0.090940873218
 0.036451031444  0.085318584148
 0.031644302023  0.079306472898
 0.027638694172  0.073742237986
 0.023633086321  0.067719712412
 0.019627478470  0.061129681451
 0.016022431404  0.054767031112
 0.012817945123  0.048656011176
 0.010014019627  0.042777789812
 0.007610654917  0.037046213089
 0.005607850991  0.031342885395
 0.003605047066  0.024412635098
 0.001802523533  0.015349160999
 0.000600841178  0.004864930819
 0.000000000000 -0.005621702520
 0.000200280393 -0.016224016196
 0.001201682355 -0.025903633725
 0.002803925496 -0.033379506379
 0.005007009814 -0.039608984876
 0.007810935309 -0.045658988079
 0.011015421590 -0.050957941827
 0.014620468656 -0.055886833912
 0.018626076507 -0.060652763612
 0.022631684358 -0.064828481032
 0.026637292209 -0.068498262463
 0.030642900060 -0.071742036746
 0.034648507911 -0.074626490557
 0.038654115762 -0.077203546630
 0.042659723613 -0.079505876785
 0.046665331464 -0.081586288836
 0.050670939315 -0.083507756488
 0.058682155017 -0.086831982182
 0.066693370719 -0.090022705279
 0.077107951132 -0.093800887346
 0.089925896255 -0.098017004869
 0.102743841378 -0.102073295798
 0.111556178650 -0.104444821538
 0.122771880633 -0.107072547701
 0.131584217905 -0.108833379320
 0.139595433607 -0.110009833992
 0.147606649309 -0.111053638077
 0.156418986581 -0.111979825733
 0.162827959143 -0.112371487941
 0.172441417985 -0.112488353640
 0.180452633687 -0.112330672670
 0.190066092530 -0.111861011316
 0.201181654316 -0.110937604032
 0.212297216103 -0.109891086873
 0.223613058282 -0.108228274738
 0.235730022031 -0.106321938776
 0.246244742640 -0.104516837369
 0.256859603445 -0.102408795029
 0.270678950531 -0.099485201776
 0.282695774084 -0.096708563166
 0.296114560385 -0.093391325767
 0.310334468256 -0.089768011326
 0.322151011416 -0.086613443543
 0.333166433006 -0.083399238971
 0.343080312437 -0.080412347797
 0.354296014420 -0.076891417920
 0.364710594833 -0.073585984466
 0.375125175245 -0.070262227272
 0.386441017424 -0.066641349686
 0.397456439015 -0.063126932623
 0.407370318446 -0.060030353348
 0.417484478270 -0.056900464868
 0.430803124374 -0.052901348441
 0.440817144002 -0.049984839477
 0.453034247947 -0.046533818257
 0.462847987182 -0.043844186623
 0.476467053875 -0.040292639675
 0.487482475466 -0.037537299799
 0.502904065692 -0.033758958949
 0.515922291208 -0.030636293770
 0.529741638294 -0.027333957229
 0.543260564791 -0.024108048842
 0.556479070699 -0.020965880264
 0.566893651112 -0.018522092573
 0.580512717805 -0.015415697474
 0.594131784498 -0.012364612044
 0.608051271780 -0.009450161823
 0.624073703184 -0.006215099840
 0.641698377729 -0.002830949266
 0.658822351292  0.000309995891
 0.675145203285  0.003268420575
 0.690867214100  0.006080771347
 0.704185860204  0.008471247514
 0.714300020028  0.010324202446
 0.724514320048  0.012232446396
 0.734728620068  0.014137834089
 0.744442219107  0.015924091104
 0.757360304426  0.018402763755
 0.771780492690  0.021381626575
 0.785599839776  0.024477802419
 0.803424794713  0.027598160084
 0.819146805528  0.029830743791
 0.834868816343  0.030313189239
 0.849088724214  0.029908282868
 0.863508912477  0.027613230661
 0.874724614460  0.024493507628
 0.886741438013  0.020517147846
 0.897156018426  0.016270200678
 0.910775085119  0.009982824395
 0.925395553775  0.002112711568
 0.940817144002 -0.006606299847
 0.954636491088 -0.014694389918
 0.966853595033 -0.021994131759
 0.975866212698 -0.027348965434
 0.981474063689 -0.030268566352
 0.985479671540 -0.031794832461
 0.989284998999 -0.032647152818
 0.992990186261 -0.032334927358
 0.996661993458 -0.031981462827
 1.000000000000 -0.029006100336
