 1.000000000000  0.001263791374
 0.988632564360  0.002838857517
 0.978335005015  0.004243213972
 0.967703109328  0.005687801184
 0.955667001003  0.007298786486
 0.945235707121  0.008674878467
 0.932397191575  0.010348679189
 0.919558676028  0.011991256021
 0.905917753260  0.013716185745
 0.892276830491  0.015409158561
 0.879438314945  0.016991517746
 0.866599799398  0.018544838059
 0.853761283852  0.020069414200
 0.839317953862  0.021753029265
 0.827281845537  0.023139602435
 0.812838515547  0.024784017844
 0.797592778335  0.026482998452
 0.784754262788  0.027896633869
 0.772718154463  0.029192866402
 0.757472417252  0.030810425792
 0.744633901705  0.032155477862
 0.732597793380  0.033387244087
 0.720561685055  0.034612500866
 0.707723169509  0.035887983099
 0.698094282849  0.036828625983
 0.686058174524  0.037987367090
 0.676429287864  0.038900780222
 0.664393179539  0.040025140746
 0.654764292879  0.040905031438
 0.642728184554  0.041986673025
 0.633099297894  0.042837533324
 0.623470411234  0.043682438902
 0.613039117352  0.044568001897
 0.603410230692  0.045376064094
 0.592978936810  0.046220313507
 0.582547642929  0.047057441848
 0.568906720160  0.048123195319
 0.558475426279  0.048916132013
 0.544834503511  0.049922231851
 0.534403209629  0.050668039424
 0.520762286861  0.051610421902
 0.510330992979  0.052305962159
 0.496690070211  0.053180067607
 0.486258776329  0.053821491362
 0.472617853561  0.054622103087
 0.462186559679  0.055205178240
 0.448545636911  0.055926414010
 0.438114343029  0.056446504826
 0.424473420261  0.057081944899
 0.414042126379  0.057533755943
 0.400401203611  0.058076191461
 0.389969909729  0.058453915675
 0.376328986961  0.058895152570
 0.365897693079  0.059191979464
 0.352256770311  0.059522914988
 0.341825476429  0.059730761682
 0.328184553661  0.059938617197
 0.317753259779  0.060048507611
 0.304112337011  0.060122102771
 0.293681043129  0.060125247379
 0.280040120361  0.060051738443
 0.269608826479  0.059936655647
 0.256770310933  0.059726572191
 0.247141424273  0.059508824233
 0.235105315948  0.059164201105
 0.226278836510  0.058849975727
 0.215045135406  0.058376026491
 0.206218655968  0.057946237701
 0.194984954865  0.057316366688
 0.183751253761  0.056547313728
 0.172517552658  0.055741094831
 0.161283851555  0.054775941346
 0.147642928786  0.053464583711
 0.134002006018  0.051915820898
 0.121163490471  0.050237811438
 0.108324974925  0.048490051152
 0.097893681043  0.046927608410
 0.089869608826  0.045603243660
 0.084252758275  0.044579016531
 0.080240722166  0.043784047776
 0.076228686058  0.042953270952
 0.072216649950  0.042084724805
 0.068204613842  0.041175311715
 0.064192577733  0.040221654414
 0.060180541625  0.039220661299
 0.056168505517  0.038167959352
 0.052156469408  0.037058398288
 0.048144433300  0.035886499606
 0.044132397192  0.034645033493
 0.040120361083  0.033325198550
 0.036108324975  0.031916260365
 0.032096288867  0.030404162795
 0.028084252758  0.028770456857
 0.024072216650  0.026989745612
 0.020060180542  0.025024998351
 0.016048144433  0.022819067464
 0.012036108325  0.020268595942
 0.008024072217  0.017129841995
 0.004413239719  0.013606005527
 0.001604814443  0.008367864595
 0.000000000000  0.002881723630
 0.000000000000 -0.002881723630
 0.001604814443 -0.008367864595
 0.004413239719 -0.013606005527
 0.008024072217 -0.017129841995
 0.012036108325 -0.020268595942
 0.016048144433 -0.022819067464
 0.020060180542 -0.025024998351
 0.024072216650 -0.026989745612
 0.028084252758 -0.028770456857
 0.032096288867 -0.030404162795
 0.036108324975 -0.031916260365
 0.040120361083 -0.033325198550
 0.044132397192 -0.034645033493
 0.048144433300 -0.035886499606
 0.052156469408 -0.037058398288
 0.056168505517 -0.038167959352
 0.060180541625 -0.039220661299
 0.064192577733 -0.040221654414
 0.068204613842 -0.041175311715
 0.072216649950 -0.042084724805
 0.076228686058 -0.042953270952
 0.080240722166 -0.043784047776
 0.084252758275 -0.044579016531
 0.089869608826 -0.045603243660
 0.097893681043 -0.046927608410
 0.108324974925 -0.048490051152
 0.121163490471 -0.050237811438
 0.134002006018 -0.051915820898
 0.147642928786 -0.053464583711
 0.161283851555 -0.054775941346
 0.172517552658 -0.055741094831
 0.183751253761 -0.056547313728
 0.194984954865 -0.057316366688
 0.206218655968 -0.057946237701
 0.215045135406 -0.058376026491
 0.226278836510 -0.058849975727
 0.235105315948 -0.059164201105
 0.247141424273 -0.059508824233
 0.256770310933 -0.059726572191
 0.269608826479 -0.059936655647
 0.280040120361 -0.060051738443
 0.293681043129 -0.060125247379
 0.304112337011 -0.060122102771
 0.317753259779 -0.060048507611
 0.328184553661 -0.059938617197
 0.341825476429 -0.059730761682
 0.352256770311 -0.059522914988
 0.365897693079 -0.059191979464
 0.376328986961 -0.058895152570
 0.389969909729 -0.058453915675
 0.400401203611 -0.058076191461
 0.414042126379 -0.057533755943
 0.424473420261 -0.057081944899
 0.438114343029 -0.056446504826
 0.448545636911 -0.055926414010
 0.462186559679 -0.055205178240
 0.472617853561 -0.054622103087
 0.486258776329 -0.053821491362
 0.496690070211 -0.053180067607
 0.510330992979 -0.052305962159
 0.520762286861 -0.051610421902
 0.534403209629 -0.050668039424
 0.544834503511 -0.049922231851
 0.558475426279 -0.048916132013
 0.568906720160 -0.048123195319
 0.582547642929 -0.047057441848
 0.592978936810 -0.046220313507
 0.603410230692 -0.045376064094
 0.613039117352 -0.044568001897
 0.623470411234 -0.043682438902
 0.633099297894 -0.042837533324
 0.642728184554 -0.041986673025
 0.654764292879 -0.040905031438
 0.664393179539 -0.040025140746
 0.676429287864 -0.038900780222
 0.686058174524 -0.037987367090
 0.698094282849 -0.036828625983
 0.707723169509 -0.035887983099
 0.720561685055 -0.034612500866
 0.732597793380 -0.033387244087
 0.744633901705 -0.032155477862
 0.757472417252 -0.030810425792
 0.772718154463 -0.029192866402
 0.784754262788 -0.027896633869
 0.797592778335 -0.026482998452
 0.812838515547 -0.024784017844
 0.827281845537 -0.023139602435
 0.839317953862 -0.021753029265
 0.853761283852 -0.020069414200
 0.866599799398 -0.018544838059
 0.879438314945 -0.016991517746
 0.892276830491 -0.015409158561
 0.905917753260 -0.013716185745
 0.919558676028 -0.011991256021
 0.932397191575 -0.010348679189
 0.945235707121 -0.008674878467
 0.955667001003 -0.007298786486
 0.967703109328 -0.005687801184
 0.978335005015 -0.004243213972
 0.988632564360 -0.002838857517
 1.000000000000 -0.001263791374
