 1.000000000000 -0.000315119061
 0.997330663997  0.006220165121
 0.993993993994  0.010713304233
 0.990590590591  0.015207876436
 0.986486486486  0.018858976838
 0.981981981982  0.022367031119
 0.977477477477  0.025375465912
 0.972972972973  0.028086833117
 0.967667667668  0.030971454409
 0.959559559560  0.034797071452
 0.949049049049  0.039558821301
 0.938538538539  0.044253113926
 0.927227227227  0.049280239285
 0.912712712713  0.055859411340
 0.901501501502  0.061079020738
 0.891891891892  0.065679905170
 0.879079079079  0.071947078968
 0.866266266266  0.078333668825
 0.856656656657  0.083286544328
 0.843843843844  0.090204086625
 0.828428428428  0.099042260074
 0.816216216216  0.106330249663
 0.804804804805  0.113203538298
 0.794194194194  0.119614882086
 0.785985985986  0.124450471383
 0.781181181181  0.126945042124
 0.773173173173  0.130591339219
 0.765165165165  0.134089424806
 0.753953953954  0.138522131402
 0.743543543544  0.142421261499
 0.730730730731  0.146871452812
 0.720320320320  0.150110205925
 0.707507507508  0.153849637685
 0.697897897898  0.156427453237
 0.686686686687  0.159308138881
 0.675475475475  0.161983020235
 0.665065065065  0.164408127482
 0.653053053053  0.167034330630
 0.641041041041  0.169624138118
 0.627427427427  0.172379700831
 0.613813813814  0.174939732060
 0.599399399399  0.177555394654
 0.584184184184  0.179861156160
 0.568968968969  0.182094327032
 0.553753753754  0.183961847935
 0.540140140140  0.185441430993
 0.527327327327  0.186750611856
 0.515315315315  0.187672039013
 0.503303303303  0.188550086629
 0.490490490490  0.189270144012
 0.478478478478  0.189885144954
 0.464064064064  0.190482386576
 0.450450450450  0.190768913327
 0.436836836837  0.191005302398
 0.426426426426  0.191011653063
 0.413613613614  0.190888165527
 0.400000000000  0.190515177553
 0.388788788789  0.190027605665
 0.377577577578  0.189479679153
 0.363963963964  0.188530138344
 0.351151151151  0.187359976329
 0.341541541542  0.186267816886
 0.329529529530  0.184554102454
 0.317117117117  0.182678918388
 0.305305305305  0.180597057319
 0.295095095095  0.178699432998
 0.280880880881  0.176097091104
 0.269869869870  0.174096672606
 0.259259259259  0.172182203937
 0.249049049049  0.170337359831
 0.238838838839  0.168475121689
 0.229529529530  0.166601449610
 0.220220220220  0.164683528852
 0.208508508509  0.162108292891
 0.198198198198  0.159664881296
 0.185485485485  0.156372037674
 0.175875875876  0.153646481332
 0.165465465465  0.150512980750
 0.154254254254  0.146479058180
 0.140640640641  0.140909771563
 0.126226226226  0.134135938643
 0.108608608609  0.125092722635
 0.090990990991  0.115473298859
 0.076576576577  0.106926046092
 0.065365365365  0.099687875269
 0.057357357357  0.093958218202
 0.052552552553  0.090032515230
 0.048548548549  0.086497408045
 0.044544544545  0.082772112190
 0.040540540541  0.078835478823
 0.036536536537  0.074657520195
 0.032532532533  0.070186937278
 0.028528528529  0.065370155838
 0.024524524525  0.060164012092
 0.020520520521  0.054478029405
 0.016516516517  0.048189041669
 0.012912912913  0.042036775222
 0.009709709710  0.035972040043
 0.006906906907  0.029851819304
 0.004504504505  0.023419001350
 0.002702702703  0.016771091277
 0.001201201201  0.009639251527
 0.000300300300  0.001384814200
 0.000000000000 -0.006665957948
 0.000500500501 -0.014444155753
 0.001601601602 -0.021439416880
 0.003203203203 -0.027790131580
 0.005405405405 -0.033024170612
 0.008308308308 -0.038196265749
 0.011611611612 -0.042719003926
 0.015315315315 -0.046913505689
 0.019419419419 -0.050954270108
 0.023523523524 -0.054481111874
 0.027527527528 -0.057468648035
 0.031531531532 -0.060103154318
 0.035535535536 -0.062441461261
 0.039539539540 -0.064524952957
 0.043543543544 -0.066382367451
 0.047547547548 -0.068060424366
 0.051551551552 -0.069608046723
 0.059559559560 -0.072261893151
 0.067567567568 -0.074800763371
 0.077977977978 -0.077783501808
 0.090790790791 -0.081085741252
 0.103603603604 -0.084250980021
 0.114814814815 -0.086375983878
 0.126826826827 -0.088436977333
 0.138038038038 -0.089882747168
 0.148448448448 -0.090762769777
 0.158858858859 -0.091498845567
 0.170070070070 -0.091620480089
 0.180480480480 -0.091526016912
 0.190090090090 -0.091141935005
 0.200700700701 -0.090334961553
 0.211311311311 -0.089439171327
 0.222522522523 -0.088007101330
 0.234534534535 -0.086377300525
 0.245745745746 -0.084762081542
 0.256756756757 -0.082938707253
 0.270970970971 -0.080436366653
 0.282982982983 -0.078129552893
 0.296396396396 -0.075387129873
 0.310610610611 -0.072397829626
 0.322422422422 -0.069803162618
 0.333433433433 -0.067173656996
 0.343543543544 -0.064682922041
 0.354554554555 -0.061870004855
 0.364764764765 -0.059235703717
 0.374974974975 -0.056588848711
 0.386286286286 -0.053655006779
 0.397097097097 -0.050861572041
 0.407207207207 -0.048307045202
 0.417517517518 -0.045726086961
 0.431031031031 -0.042444847777
 0.441041041041 -0.040092771634
 0.453253253253 -0.037311201570
 0.463063063063 -0.035144192821
 0.475875875876 -0.032435257388
 0.485485485485 -0.030486270490
 0.496796796797 -0.028229103656
 0.509309309309 -0.025813254507
 0.521821821822 -0.023411280605
 0.531131131131 -0.021632500068
 0.544644644645 -0.019044810391
 0.556756756757 -0.016737674960
 0.566866866867 -0.014837760478
 0.580180180180 -0.012409667597
 0.594294294294 -0.009871833682
 0.608208208208 -0.007543090435
 0.624224224224 -0.004958279406
 0.641841841842 -0.002254240247
 0.658158158158  0.000140876178
 0.673673673674  0.002386527423
 0.689389389389  0.004635952186
 0.703103103103  0.006609978165
 0.716216216216  0.008544538379
 0.727427427427  0.010224718340
 0.738638638639  0.011908981186
 0.749449449449  0.013533069918
 0.761461461461  0.015400067740
 0.770870870871  0.016923446212
 0.781481481481  0.018805188921
 0.794494494494  0.021252676071
 0.808508508509  0.023072152285
 0.820920920921  0.024377943836
 0.836536536537  0.024810234349
 0.850950950951  0.024583379589
 0.866166166166  0.022547727139
 0.876576576577  0.020183115280
 0.888588588589  0.017063020577
 0.898998998999  0.013711284461
 0.912612612613  0.008717937274
 0.927127127127  0.002324413207
 0.942442442442 -0.004606310686
 0.956156156156 -0.011045602600
 0.968268268268 -0.016868326384
 0.977177177177 -0.021138958424
 0.981981981982 -0.023100353774
 0.985985985986 -0.024347142088
 0.990390390390 -0.024517152135
 0.994661327995 -0.024850888753
 1.000000000000 -0.022580233777
