 1.000000000000 -0.000492527699
 0.998665064744  0.005332699954
 0.996395674810  0.010291814939
 0.993792551061  0.015452254731
 0.990588706448  0.020083202305
 0.986283540248  0.024923361341
 0.981577893472  0.029515863372
 0.976872246696  0.033405178004
 0.972166599920  0.036876757253
 0.967460953144  0.040067655249
 0.963456147377  0.042538579072
 0.956147376852  0.046519715618
 0.945634761714  0.052122602800
 0.935122146576  0.057687997477
 0.922206647978  0.064641382056
 0.907088506207  0.072962758315
 0.893672406888  0.080667330923
 0.880256307569  0.088790339785
 0.866840208250  0.097002332660
 0.855026031237  0.104452699746
 0.842210652783  0.113000812373
 0.828794553464  0.122475182878
 0.817781337605  0.130612684584
 0.806768121746  0.138773226246
 0.796555867040  0.146356489663
 0.788746495795  0.151979413972
 0.783139767721  0.155658545633
 0.777533039648  0.158925226995
 0.769523428114  0.163084684603
 0.760712855427  0.167380470708
 0.750300360433  0.171908303574
 0.739887865439  0.176267788573
 0.727873448138  0.180809905743
 0.715058069684  0.185011661967
 0.701441730076  0.189184624803
 0.686423708450  0.193307053671
 0.671405686824  0.197351485716
 0.654785742891  0.201506999711
 0.641369643572  0.204718669429
 0.626351621946  0.208096042745
 0.611934321185  0.211031261783
 0.597517020425  0.213894133070
 0.582298758510  0.216377532960
 0.567080496596  0.218774660492
 0.555066079295  0.220462948243
 0.542250700841  0.221867932591
 0.527032438927  0.223371547398
 0.515818982779  0.224241053746
 0.504605526632  0.225066700963
 0.490388466159  0.225967900555
 0.478574289147  0.226535985087
 0.466760112135  0.226899251651
 0.452543051662  0.227119434210
 0.436724068883  0.227218163867
 0.421505806968  0.227006101785
 0.404685622747  0.226442483843
 0.388666399680  0.225607576183
 0.375851021225  0.224719682961
 0.360632759311  0.223179416333
 0.347016419704  0.221478764317
 0.333400080096  0.219109098081
 0.320985182219  0.216700691458
 0.305967160593  0.213588933373
 0.294953944734  0.211033706560
 0.280636764117  0.207771042279
 0.269523428114  0.205291310570
 0.256507809371  0.202415684598
 0.246095314377  0.200162971158
 0.235682819383  0.197897533350
 0.226571886264  0.195750253603
 0.217460953144  0.193557378262
 0.208249899880  0.191129668396
 0.198237885463  0.188376983545
 0.185822987585  0.184644145806
 0.176211453744  0.181496364015
 0.165798958751  0.177869921376
 0.155386463757  0.173595495879
 0.141770124149  0.167073659176
 0.128153784541  0.159667086458
 0.110532639167  0.149074229239
 0.092911493793  0.137807730301
 0.077693231878  0.127375931708
 0.066479775731  0.118915744027
 0.057669203044  0.111680183465
 0.051261513817  0.105193994866
 0.045654785743  0.099041812745
 0.040048057669  0.092516862819
 0.034441329596  0.085560371216
 0.028033640368  0.076686708197
 0.023628354025  0.069802468100
 0.019623548258  0.063130222147
 0.016019223068  0.056699705709
 0.012815378454  0.050544234766
 0.010812975571  0.046091528858
 0.008810572687  0.041208767467
 0.006808169804  0.035689375508
 0.004805766920  0.029157160140
 0.003003604325  0.022404719089
 0.001401682018  0.013460146185
 0.000400480577  0.003119786274
 0.000000000000 -0.007083459212
 0.000400480577 -0.017149604773
 0.001401682018 -0.027277656158
 0.003003604325 -0.035084111838
 0.005206247497 -0.041585357859
 0.008009611534 -0.047895015638
 0.011213456147 -0.053421891326
 0.014817781338 -0.058569419037
 0.018822587105 -0.063555876764
 0.022827392871 -0.067938839393
 0.026832198638 -0.071796130444
 0.030837004405 -0.075206922177
 0.034841810172 -0.078238578083
 0.038846615939 -0.080945264599
 0.042851421706 -0.083362169942
 0.046856227473 -0.085546215348
 0.050861033240 -0.087564669956
 0.058069683620 -0.090763226611
 0.066079295154 -0.094129592068
 0.076491790148 -0.098120049229
 0.089307168602 -0.102576037718
 0.102122547056 -0.106864780593
 0.111734080897 -0.109678825298
 0.122947537044 -0.112457582993
 0.131758109732 -0.114319240541
 0.138165798959 -0.115429871861
 0.145374449339 -0.116487303679
 0.152583099720 -0.117417758385
 0.158189827793 -0.117831652004
 0.163796555867 -0.118136524779
 0.172607128554 -0.118166124175
 0.180616740088 -0.117991400526
 0.190228273929 -0.117483085841
 0.201341609932 -0.116490706674
 0.212454945935 -0.115367340289
 0.223768522227 -0.113587582394
 0.235883059672 -0.111547932033
 0.246395674810 -0.109617494305
 0.257008410092 -0.107364084351
 0.270024028835 -0.104452731902
 0.279635562675 -0.102173059163
 0.292551061274 -0.098780377866
 0.305466559872 -0.095318882498
 0.319983980777 -0.091042342394
 0.332899479375 -0.087010548909
 0.349519423308 -0.081639538851
 0.362034441330 -0.077436439733
 0.374549459351 -0.073201666189
 0.386363636364 -0.069152256089
 0.397577092511 -0.065317862098
 0.407488986784 -0.061999114846
 0.417601121346 -0.058644425414
 0.430917100521 -0.054357321886
 0.440929114938 -0.051230167798
 0.453143772527 -0.047529361544
 0.462955546656 -0.044644672979
 0.475770925110 -0.041037192000
 0.485382458951 -0.038440367195
 0.496395674810 -0.035509317143
 0.508910692831 -0.032285783525
 0.521425710853 -0.029079446942
 0.530736884261 -0.026702549233
 0.544253103724 -0.023240852449
 0.556668001602 -0.020074777305
 0.566780136163 -0.017527956817
 0.580096115338 -0.014271253391
 0.594213055667 -0.010866377978
 0.608129755707 -0.007738170761
 0.624148978775 -0.004265172210
 0.641770124149 -0.000631122797
 0.658890668803  0.002743663036
 0.675210252303  0.005923000894
 0.690929114938  0.008947690748
 0.704245094113  0.011519303006
 0.714357228674  0.013513254012
 0.724569483380  0.015564087710
 0.734781738086  0.017610947277
 0.743792551061  0.019386512067
 0.756007208650  0.021849896880
 0.768622346816  0.024470344682
 0.779435322387  0.026923149584
 0.792551061274  0.030056589024
 0.808269923909  0.032601356193
 0.820784941930  0.034160377325
 0.836103323989  0.034368223693
 0.850420504606  0.033768195337
 0.865638766520  0.030738760336
 0.876051261514  0.027345171630
 0.888065678815  0.022909501454
 0.898478173809  0.018208416835
 0.912094513416  0.011273232864
 0.926611934321  0.002502021559
 0.941930316380 -0.006980308816
 0.955646776131 -0.015762617005
 0.967761313576 -0.023676058622
 0.976672006408 -0.029456390113
 0.981477773328 -0.032092553575
 0.985482579095 -0.033777613808
 0.989287144573 -0.034737295550
 0.992991589908 -0.034450666983
 0.996662661861 -0.034118202716
 1.000000000000 -0.030979195898
